0 20720
1 1209336
2 14728
3 3530496
4 565560
5 1160
6 2408
7 4008
8 22992
9 18400
10 865560
11 7656
12 1335288
13 2590504
14 11504872
15 8338608
16 3496
17 48232
18 258032
19 20347200
20 12133512
21 34032
22 3193712
23 25716120
24 10085904
25 39309320
26 840064
27 15976408
28 8999752
29 196144
30 4263216
31 17862760
32 3038928
33 19147376
34 22747840
35 8933584
36 2476104
37 3130176
38 4753600
39 2905288
40 957936
41 249560
42 31896
43 10128
44 1734312
45 11008
46 9592
47 753168
48 14079784
49 11455112
50 10768
51 33864
52 5432
53 17048
54 38768
55 23880
56 28264
57 3080
58 13480
59 2551096
60 14448
61 13120
62 13200
63 2688
64 10740480
65 1344
66 3482144
67 21104
68 5728
69 4024
70 22448
71 2448
72 9032
73 15840
74 2320
75 9144
76 14808
77 27520
78 27408
79 1009304
80 15776
81 17920
82 678928
83 3446088
84 6573072
85 3429056
86 12552
87 11585736
88 13592
89 14280
90 6640
91 5872
92 771176
93 2474608
94 21352
95 3672
96 11000
97 7624
98 10344
99 15760
100 126608
101 4394376
102 19744
103 10792
104 435304
105 7160
106 9056
107 13364896
109 11752
110 242520
111 15304
112 28320
113 3888
114 14528
115 12376
116 51008
117 11968
118 33600
119 8016
120 8248
121 14100808
122 888504
123 491816
124 3480688
125 5549184
126 11233152
127 5417504
128 31684848
129 1272208
