0 103960
1 195840
2 105328
3 374104
4 181848
5 91904
6 91904
7 92336
8 111008
9 112344
10 234440
11 99112
12 150928
13 284264
14 305320
15 213680
16 98184
17 120024
18 127376
19 489688
20 251360
21 109960
22 162880
23 502416
24 321680
25 548352
26 232032
27 344208
28 263352
29 122040
30 255064
31 293408
32 259968
33 388720
34 486520
35 299800
36 172680
37 134240
38 183168
39 169352
40 145440
41 153264
42 111872
43 109216
44 171864
45 100128
46 95824
47 130928
48 261944
49 214760
50 101280
51 118344
52 93648
53 113096
54 113544
55 106328
56 101424
57 91904
58 124400
59 137080
60 91904
61 102456
62 98608
63 91904
64 231584
65 91904
66 142480
67 98592
68 91904
69 92336
70 98592
71 92336
72 105472
73 95048
74 92336
75 102416
76 97232
77 107496
78 99272
79 162792
80 97824
81 99080
82 127320
83 185888
84 250304
85 179024
86 92336
87 214304
88 102448
89 102456
90 91904
91 92496
92 122848
93 148176
94 110008
95 92496
96 94456
97 100120
98 97376
99 102256
100 107968
101 206280
102 111712
103 97496
104 127864
105 93912
106 94984
107 230488
108 91904
109 96224
110 128768
111 98176
112 102360
113 92672
114 104368
115 106408
116 93216
117 93952
118 117392
119 92568
120 95128
121 247152
122 175800
123 187440
124 236200
125 238224
126 281080
127 323008
128 490320
129 3888
