547
53
25256
53
53
53
7338
53
42953
51848
53
53
64131
53
9438
59540
31734
23793
25256
25256
25256
25256
25256
25256
25256
25256
547
25256
25256
25256
25256
25256
25256
25256
25256
25256
25256
25256
25256
25256
25256
25256
25256
25256
25256
25256
25256
25256
25256
25256
25256
25256
25256
25256
25256
25256
25256
25256
25256
25256
25256
25256
547
25256
25256
25256
25256
25256
25256
25256
25256
25256
25256
25256
25256
25256
25256
25256
25256
25256
25256
25256
25256
25256
25256
25256
25256
25256
25256
25256
25256
25256
25256
25256
25256
25256
25256
25256
25256
25256
25256
25256
25256
25256
25256
25256
25256
25256
25256
25256
25256
25256
25256
25256
25256
25256
547
25256
25256
25256
25256
547
25256
25256
25256
25256
25256
25256
25256
25256
547
25256
25256
25256
5353
25256
25256
25256
25256
25256
25256
5353
25256
25256
25256
25256
25256
25256
25256
25256
25256
25256
25256
25256
25256
25256
25256
25256
25256
25256
25256
25256
25256
547
25256
25256
25256
25256
25256
25256
25256
25256
25256
25256
25256
25256
547
25256
25256
25256
25256
25256
25256
25256
25256
25256
547
25256
25256
25256
25256
25256
25256
25256
25256
25256
25256
25256
25256
25256
25256
25256
25256
25256
25256
25256
25256
25256
25256
25256
25256
25256
25256
25256
25256
25256
25256
25256
25256
25256
547
25256
25256
25256
25256
25256
25256
25256
25256
25256
25256
25256
25256
25256
25256
25256
25256
25256
25256
25256
25256
547
25256
25256
25256
25256
25256
25256
5355
25256
25256
25256
25256
25256
25256
5355
25256
25256
25256
25256
25256
25256
25256
25256
25256
25256
25256
25256
25256
25256
25256
25256
25256
25256
25256
25256
25256
25256
25256
25256
25256
25256
25256
25256
25256
25256
25256
25256
25256
25256
25256
25256
25256
25256
25256
25256
25256
25256
25256
25256
25256
25256
25256
25256
25256
25256
25256
25256
25256
547
25256
25256
25256
25256
25256
25256
25256
25256
25256
25256
25256
25256
25256
25256
25256
25256
25256
25256
25256
25256
25256
25256
25256
25256
547
25256
25256
25256
25256
25256
25256
25256
547
25256
25256
25256
25256
25256
25256
25256
25256
25256
25256
25256
25256
25256
25256
25256
25256
25256
25256
25256
25256
25256
25256
25256
25256
25256
25256
25256
25256
25256
25256
25256
25256
25256
25256
25256
25256
25256
25256
25256
25256
25256
25256
5355
25256
25256
25256
25256
25256
25256
5355
25256
25256
25256
25256
25256
25256
25256
25256
25256
25256
25256
25256
25256
25256
25256
25256
25256
25256
25256
25256
25256
25256
25256
25256
25256
25256
25256
25256
25256
25256
25256
25256
25256
25256
25256
25256
547
25256
25256
25256
25256
25256
25256
25256
547
25256
25256
25256
547
25256
25256
25256
25256
25256
25256
25256
25256
25256
25256
25256
25256
25256
25256
25256
25256
25256
25256
25256
25256
25256
25256
25256
25256
25256
25256
25256
25256
25256
5355
25256
25256
25256
25256
25256
5355
25256
25256
25256
5355
25256
25256
25256
25256
547
25256
547
5355
25256
25256
25256
25256
25256
25256
25256
25256
25256
25256
25256
25256
25256
25256
25256
25256
25256
25256
25256
25256
25256
25256
25256
25256
25256
25256
25256
25256
25256
25256
25256
25256
25256
25256
25256
25256
25256
25256
53
25256
5355
25256
64440
25256
25256
25256
25256
5355
25256
25256
25256
25256
25256
25256
25256
53
25256
52090
25256
25256
25256
25256
25256
25256
25256
25256
25256
25256
25256
25256
25256
25256
25256
25256
25256
25256
53
23475
25256
25256
25256
25256
25256
25256
25256
25256
25256
25256
53
53
53
25256
53519
51452
53
53
4191
53
25256
40224
53
30422
53
16128
53
25256
23310
53
52526
53
37626
53
35599
53
25256
40338
53
62230
53
46135
53
17729
53
25256
10192
53
25256
21918
53
38895
53
25256
25256
61558
53
13104
53
25256
25256
60718
53
25256
25256
46390
53
22916
53
27800
25256
25256
25340
25256
12822
25256
25256
25256
25256
25256
25256
25256
25256
25256
25256
25256
25256
25256
25256
25256
25256
25256
25256
25256
5355
25256
547
25256
25256
25256
25256
5355
25256
547
25256
25256
25256
25256
25256
25256
25256
25256
25256
25256
25256
5355
25256
25256
25256
25256
25256
5355
25256
25256
25256
25256
25256
25256
25256
25256
25256
25256
25256
25256
25256
25256
25256
25256
25256
25256
25256
25256
25256
25256
25256
25256
25256
25256
25256
25256
25256
25256
25256
25256
25256
25256
547
25256
5355
25256
25256
25256
25256
25256
5355
25256
25256
25256
25256
25256
25256
25256
25256
25256
25256
25256
25256
25256
25256
25256
25256
25256
25256
25256
25256
25256
25256
25256
25256
25256
25256
25256
25256
25256
25256
25256
25256
25256
25256
25256
25256
25256
25256
25256
25256
25256
25256
25256
25256
25256
25256
25256
25256
25256
25256
25256
25256
25256
25256
25256
25256
25256
25256
25256
25256
25256
25256
25256
25256
25256
25256
25256
25256
25256
25256
25256
25256
25256
25256
25256
25256
25256
25256
25256
25256
25256
547
25256
25256
25256
25256
25256
25256
25256
547
25256
25256
25256
25256
25256
25256
547
25256
25256
25256
25256
25256
25256
25256
25256
25256
25256
25256
25256
25256
53
2006
25256
25256
25256
25256
25256
25256
25256
547
25256
25256
25256
25256
25256
25256
25256
25256
25256
25256
25256
25256
5355
25256
25256
25256
25256
25256
5355
25256
25256
25256
25256
25256
25256
25256
25256
25256
25256
25256
25256
25256
25256
25256
25256
25256
25256
25256
25256
25256
25256
25256
25256
25256
25256
53
48329
25256
25256
25256
53
63230
25256
25256
25256
25256
25256
25256
25256
25256
53
53
20107
5027
25256
25256
25256
25256
25256
25256
25256
25256
25256
25256
25256
25256
25256
25256
25256
25256
25256
25256
25256
25256
25256
25256
25256
25256
25256
25256
25256
25256
25256
25256
25256
25256
25256
25256
25256
25256
25256
25256
25256
25256
25256
25256
25256
25256
25256
25256
25256
25256
25256
25256
25256
25256
25256
25256
25256
25256
25256
25256
25256
25256
25256
25256
53
59960
25256
25256
25256
53
53
53
55082
53
25954
53
40488
53
53025
53
30715
53
25256
53
46994
25256
58781
53
54513
11171
53
53
43598
53
26155
53
2009
53
25256
56088
53
5355
25256
59460
53
17310
53
62134
53
51439
53
11047
53
63892
53
42980
53
25256
56594
53
35178
53
37122
53
25256
20876
53
7077
53
61652
53
7414
53
25256
42806
53
25256
52385
53
48103
53
5355
5630
53
25256
48853
53
25580
53
58492
53
6436
53
7701
53
35926
53
24446
53
19377
53
10621
53
3720
53
25256
22740
53
28593
25256
25256
5315
25256
25256
25256
35028
25256
25256
25256
25256
25256
25256
25256
25256
25256
25256
25256
5355
25256
25256
25256
25256
25256
25256
5355
25256
25256
25256
25256
25256
25256
25256
25256
25256
1900
1900
547
25256
25256
25256
25256
25256
25256
25256
25256
53
25256
25256
25799
25256
25256
25256
25256
53
32876
25256
25256
53
38687
25256
25256
25256
25256
547
25256
25256
25256
25256
25256
25256
25256
25256
25256
25256
25256
25256
25256
25256
25256
25256
25256
25256
25256
53
25256
25256
53
59814
25256
25256
58433
25256
25256
25256
25256
25256
25256
25256
547
25256
25256
25256
25256
25256
25256
25256
25256
25256
25256
25256
25256
25256
25256
25256
25256
25256
25256
25256
25256
25256
25256
25256
25256
25256
25256
25256
25256
25256
53
25256
60033
25256
25256
25256
25256
25256
25256
25256
25256
25256
25256
25256
25256
25256
25256
25256
25256
25256
25256
25256
25256
25256
25256
25256
25256
25256
25256
25256
25256
25256
547
25256
25256
25256
25256
25256
1900
25256
25256
25256
25256
25256
25256
25256
53
56437
53
25256
39573
25256
25256
25256
25256
5355
25256
25256
53
20734
25256
25256
25256
5355
25256
25256
25256
25256
25256
25256
25256
25256
25256
25256
25256
53
25256
59791
53
26908
25256
25256
25256
25256
53
40396
25256
25256
25256
1900
1900
547
25256
25256
25256
25256
25256
25256
25256
25256
25256
25256
25256
25256
25256
53
53
46550
55860
25256
25256
5353
25256
25256
25256
5353
25256
25256
25256
25256
25256
25256
25256
25256
25256
25256
25256
25256
25256
25256
25256
25256
25256
25256
25256
25256
25256
25256
25256
25256
25256
25256
25256
25256
25256
53
47943
25256
25256
25256
25256
25256
25256
25256
25256
53
53
14166
22179
25256
25256
25256
25256
25256
25256
25256
53
25256
34718
25256
547
25256
25256
25256
53
5305
25256
25256
25256
25256
25256
25256
25256
25256
25256
25256
25256
53
11750
53
25256
47517
25256
25256
25256
25256
25256
25256
25256
25256
25256
25256
25256
25256
25256
25256
25256
25256
25256
25256
25256
25256
25256
53
48831
25256
53
53
53
39961
53
59704
64784
58719
25256
25256
53
25256
25256
25256
25256
4120
25256
25256
5355
25256
25256
25256
25256
25256
1900
5355
25256
53
29055
25256
25256
53
53
53
53
62743
61332
25256
13266
60669
25256
25256
25256
25256
25256
25256
25256
25256
25256
25256
53
49165
25256
25256
25256
25256
53
53
30901
25256
22693
25256
25256
25256
25256
25256
25256
25256
25256
25256
25256
25256
25256
25256
25256
25256
25256
25256
1900
1900
25256
25256
25256
25256
25256
25256
25256
25256
25256
25256
25256
25256
25256
53
60069
25256
53
53
53
11981
30459
53
53
61469
53
17091
53
61754
53
28816
53
31037
53
18424
25256
25256
53
20550
25256
25256
25256
25256
25256
35223
25256
25256
53
25256
37379
25256
25256
25256
25256
25256
22465
25256
25256
25256
25256
25256
25256
53
53
24746
58025
25256
53
25256
9920
25256
25256
53
53
53
53
4884
23166
48413
25256
36265
53
46595
25256
25256
53
53
53
7490
53
64164
53
25256
53
25256
25256
25256
25256
21044
25256
53
5515
25256
547
25256
547
25256
53
53
53
53
25256
25256
50202
54069
53
25256
51016
53
25256
25256
25256
25256
25256
46003
53
25256
18527
53
41070
25256
63878
53
25256
43312
25256
25256
25256
44901
25256
25256
25256
25256
25256
25256
25256
25256
25256
25256
25256
25256
25256
25256
25256
25256
25256
25256
49904
2230
25256
25256
25256
25256
25256
25256
25256
25256
25256
25256
25256
53
63985
25256
25256
25256
25256
25256
5355
25256
25256
25256
25256
25256
50395
25256
5355
25256
25256
25256
25256
25256
25256
25256
25256
25256
1900
25256
25256
25256
25256
25256
53
29557
25256
547
53
53
25256
53
53
6621
11695
53
46215
42926
25256
25256
59229
25256
25256
25256
25256
25256
25256
25256
53
31539
53
53
25256
53
53
53
13812
29281
21852
51728
53
53
4765
4899
53
53
48976
53
6185
53
55876
33077
53
53
47649
41490
11001
53
12813
25256
53
43319
53
53
53
30978
53
25256
12394
53
45108
53
62869
53
19038
52760
25256
24153
25256
25256
25256
25256
53
53
53
53
53
44764
54270
56320
25256
11259
25256
25256
38088
25256
25256
25256
25256
25256
25256
25256
25256
25256
25256
25256
25256
25256
25256
25256
25256
25256
25256
25256
25256
25256
25256
25256
25256
547
25256
25256
25256
53
53
24189
16390
25256
25256
25256
25256
25256
53
53
63806
28635
25256
25256
25256
25256
25256
25256
25256
25256
25256
25256
25256
25256
25256
25256
25256
25256
25256
25256
25256
25256
25256
25256
25256
25256
25256
25256
25256
25256
25256
53
53
25256
53
45292
25256
2821
25256
47759
25256
25256
25256
25256
25256
53
29390
25256
25256
25256
25256
25256
25256
53
25256
31482
53
53458
25256
25256
25256
25256
25256
25256
25256
53
53
19610
34053
25256
25256
53
53
53
64147
53
26678
53
17113
53
11853
64282
7021
25256
25256
25256
25256
25256
25256
25256
5355
25256
25256
25256
25256
53
1952
25256
5355
25256
25256
53
8412
25256
25256
53
29658
25256
25256
25256
25256
25256
25256
53
53
25256
19238
39783
53
45391
25256
25256
25256
53
43454
53
53
27129
53507
25256
25256
25256
25256
53
53
25256
58092
22929
25256
25256
25256
25256
25256
25256
25256
25256
53
25256
59546
25256
25256
25256
25256
25256
25256
25256
25256
25256
25256
25256
25256
25256
25256
25256
25256
25256
25256
25256
25256
25256
25256
25256
25256
25256
25256
25256
25256
25256
25256
25256
547
25256
25256
25256
25256
25256
25256
25256
25256
25256
25256
547
25256
25256
25256
25256
25256
25256
25256
25256
547
25256
53
38932
25256
25256
25256
25256
25256
25256
25256
25256
25256
25256
25256
53
51768
25256
25256
25256
53
8786
25256
25256
25256
25256
25256
25256
25256
25256
25256
25256
25256
25256
25256
25256
25256
25256
25256
25256
25256
25256
25256
25256
25256
25256
547
25256
25256
25256
25256
25256
25256
25256
25256
25256
25256
25256
25256
25256
25256
25256
25256
25256
25256
25256
25256
25256
25256
25256
25256
25256
25256
25256
25256
25256
25256
25256
25256
25256
5355
25256
25256
25256
25256
25256
5355
25256
25256
25256
25256
25256
25256
25256
25256
25256
25256
25256
25256
25256
25256
25256
25256
25256
25256
25256
25256
25256
25256
25256
25256
25256
25256
25256
25256
25256
25256
25256
25256
25256
25256
25256
5355
25256
25256
25256
25256
25256
5355
25256
25256
25256
25256
25256
25256
25256
25256
25256
25256
25256
25256
25256
25256
25256
25256
25256
25256
547
25256
25256
25256
25256
25256
25256
25256
25256
25256
25256
25256
25256
25256
25256
25256
25256
25256
25256
25256
25256
25256
25256
25256
25256
25256
25256
25256
25256
25256
25256
25256
25256
25256
25256
25256
25256
25256
25256
25256
25256
25256
25256
25256
25256
25256
25256
25256
25256
25256
25256
25256
25256
547
25256
25256
25256
25256
25256
25256
25256
25256
25256
25256
25256
25256
5355
25256
25256
25256
25256
25256
5355
25256
25256
25256
25256
25256
25256
25256
25256
25256
25256
25256
25256
25256
25256
25256
25256
25256
25256
25256
25256
25256
25256
25256
25256
25256
547
25256
25256
25256
25256
25256
25256
25256
25256
25256
25256
25256
25256
547
25256
25256
25256
25256
25256
25256
25256
25256
25256
25256
25256
25256
5355
25256
25256
25256
25256
25256
5355
25256
25256
25256
25256
25256
25256
25256
25256
25256
25256
25256
25256
25256
25256
25256
25256
25256
25256
25256
25256
25256
25256
25256
25256
25256
25256
25256
25256
25256
25256
25256
25256
25256
25256
25256
25256
25256
25256
25256
25256
25256
25256
547
25256
25256
25256
25256
25256
25256
25256
25256
25256
25256
25256
25256
25256
25256
25256
25256
25256
25256
25256
25256
1900
1900
25256
25256
25256
25256
25256
25256
25256
5355
25256
25256
25256
25256
25256
5355
25256
25256
25256
25256
25256
25256
25256
25256
25256
25256
25256
25256
25256
25256
25256
25256
25256
25256
25256
25256
25256
25256
25256
25256
25256
25256
25256
25256
25256
25256
25256
25256
25256
25256
25256
25256
25256
547
25256
25256
5355
25256
25256
25256
25256
25256
25256
25256
25256
25256
25256
25256
25256
25256
25256
25256
25256
25256
25256
25256
25256
25256
5355
25256
25256
25256
547
25256
25256
25256
25256
25256
25256
25256
25256
25256
25256
25256
25256
25256
25256
25256
25256
25256
25256
25256
25256
25256
25256
25256
25256
25256
25256
25256
25256
25256
25256
25256
25256
25256
25256
25256
25256
25256
25256
25256
25256
25256
25256
25256
25256
25256
25256
25256
25256
25256
25256
547
25256
25256
25256
25256
25256
25256
25256
25256
25256
5355
25256
25256
25256
25256
25256
5355
25256
25256
25256
25256
25256
25256
25256
25256
25256
25256
25256
1900
1900
25256
25256
25256
25256
25256
25256
25256
25256
25256
25256
25256
25256
25256
25256
25256
25256
25256
25256
25256
25256
547
25256
25256
25256
547
25256
25256
25256
25256
25256
25256
25256
25256
25256
25256
25256
25256
25256
25256
547
25256
25256
25256
25256
25256
25256
25256
25256
25256
25256
25256
25256
25256
25256
25256
25256
25256
25256
25256
25256
25256
25256
25256
25256
25256
25256
25256
25256
547
25256
25256
25256
25256
25256
25256
25256
25256
25256
25256
547
25256
53
25256
28754
25256
25256
25256
25256
25256
25256
25256
25256
25256
25256
547
25256
25256
25256
25256
25256
25256
25256
25256
25256
25256
25256
25256
25256
25256
25256
25256
25256
25256
25256
25256
25256
25256
25256
25256
25256
25256
25256
25256
25256
25256
25256
25256
25256
25256
25256
25256
25256
5353
25256
25256
25256
25256
25256
25256
25256
1900
1900
25256
25256
25256
25256
547
25256
25256
25256
25256
25256
25256
25256
25256
25256
25256
25256
25256
25256
25256
25256
1900
1900
25256
25256
25256
25256
25256
25256
25256
25256
25256
25256
25256
25256
25256
25256
25256
25256
25256
25256
25256
25256
25256
25256
25256
25256
25256
25256
25256
25256
25256
25256
25256
25256
25256
25256
25256
25256
25256
25256
547
25256
25256
25256
25256
25256
25256
25256
25256
25256
25256
25256
25256
25256
25256
25256
25256
25256
25256
25256
25256
25256
25256
25256
25256
25256
25256
25256
25256
25256
25256
25256
25256
25256
25256
25256
25256
25256
25256
25256
25256
25256
25256
25256
25256
25256
25256
25256
25256
25256
25256
25256
25256
25256
25256
25256
25256
25256
25256
25256
25256
25256
25256
25256
25256
25256
25256
25256
25256
25256
25256
25256
25256
25256
25256
25256
25256
25256
25256
25256
25256
25256
25256
25256
25256
25256
25256
25256
547
25256
25256
53
25256
37163
25256
25256
25256
1900
1900
25256
25256
25256
25256
25256
25256
25256
25256
25256
25256
25256
25256
25256
25256
25256
25256
25256
53
25256
25256
25256
25256
25256
20982
25256
25256
25256
25256
25256
25256
25256
25256
25256
25256
25256
25256
25256
25256
25256
25256
25256
25256
25256
25256
25256
25256
25256
25256
25256
25256
25256
25256
25256
25256
25256
25256
25256
25256
25256
25256
25256
25256
25256
25256
25256
53
25256
25256
18996
25256
25256
25256
25256
25256
25256
53
53
35546
27509
25256
25256
25256
547
25256
25256
25256
25256
25256
25256
25256
25256
25256
25256
25256
53
53
25256
57592
53
25421
25256
2196
25256
25256
25256
25256
25256
25256
25256
25256
25256
25256
25256
25256
25256
25256
25256
25256
25256
25256
25256
25256
25256
547
25256
25256
53
5786
25256
25256
53
53
53
53
31153
53
61376
53
10966
53
25256
30357
53
16421
53
25256
24014
25256
38806
53
25256
25256
53
40716
25256
25256
52023
25256
25256
53
25256
25256
53
36483
36644
25256
61391
25595
25256
25256
25256
25256
25256
53
8712
25256
25256
25256
25256
25256
25256
25256
25256
25256
25256
25256
25256
25256
53
59003
53
4198
25256
25256
25256
25256
25256
25256
53
53
53
46846
53
12069
53
25256
53
25256
1900
1900
25256
37624
25256
26551
25256
25256
25256
53
52505
25256
41999
25256
53
57586
25256
53
25256
30907
25256
25256
25256
25256
4179
25256
25256
25256
25256
25256
25256
25256
25256
25256
25256
25256
25256
25256
25256
25256
25256
25256
25256
25256
53
25441
25256
25256
547
25256
25256
25256
25256
25256
25256
25256
25256
25256
25256
25256
25256
25256
25256
25256
25256
25256
25256
25256
25256
25256
25256
25256
25256
25256
25256
25256
25256
25256
25256
25256
25256
25256
25256
25256
25256
25256
25256
25256
25256
25256
25256
25256
25256
25256
25256
25256
25256
25256
25256
25256
25256
25256
25256
25256
25256
25256
25256
25256
25256
25256
25256
25256
25256
25256
25256
25256
25256
25256
25256
25256
25256
25256
25256
25256
25256
25256
25256
25256
25256
25256
25256
25256
25256
25256
25256
25256
25256
25256
25256
25256
25256
25256
25256
25256
25256
53
53
53
53
51297
53
49527
25256
25256
25256
25256
25256
25256
25256
25256
24339
53
7000
53
25256
64693
53
11831
53
53
56301
21214
53
53
6779
53
25256
65259
53
54298
53
16115
53
12013
25256
25256
12013
25256
48737
53
40219
53
57510
53
12132
53
25256
25256
10082
53
21926
25256
25256
53
35423
25256
60493
53
53
36119
53
25256
3847
53
5035
25031
53
25256
53
30140
53
10595
53
25256
22914
53
25256
50312
53
25256
49911
53
25256
25256
24176
53
25256
29326
25256
53
38949
25256
53
25256
38892
57978
53
25256
13034
47132
25256
25256
25256
25256
25256
25256
25256
25256
25256
25256
25256
25256
25256
25256
25256
25256
25256
25256
25256
25256
25256
25256
25256
25256
25256
25256
25256
25256
25256
25256
25256
25256
25256
25256
25256
25256
25256
25256
25256
25256
25256
5355
25256
25256
25256
25256
25256
5355
25256
25256
25256
25256
25256
25256
25256
25256
25256
25256
25256
25256
25256
25256
25256
25256
25256
53
20796
25256
25256
25256
57191
25256
25256
25256
25256
25256
25256
25256
53
53
7906
56034
25256
25256
25256
25256
25256
25256
25256
25256
5355
25256
25256
25256
547
25256
25256
5355
25256
25256
25256
53
33805
25256
25256
25256
25256
25256
25256
25256
25256
53
8196
53
14438
25256
25256
25256
25256
25256
25256
25256
25256
25256
25256
53
34152
25256
53
65403
25256
53
47722
25256
25256
25256
25256
53
55767
25256
25256
25256
25256
25256
25256
25256
25256
25256
25256
25256
25256
25256
5355
25256
25256
25256
25256
25256
5355
25256
25256
25256
547
25256
53
30600
25256
25256
25256
25256
25256
25256
25256
547
25256
25256
25256
53
53
53
53
1028
43318
53
53
45652
64694
53
53
60754
13355
53
25830
5910
25256
1414
25256
53
25256
65302
25256
25256
25256
53
1507
25256
25256
25256
25256
25256
53
56347
25256
25256
53
53
53
15177
34882
60527
25256
53
53
53
14567
21304
63249
53
53
59820
64451
25256
53
60777
25256
25256
25256
25256
25256
25256
25256
25256
25256
25256
25256
25256
25256
25256
25256
25256
25256
25256
53
12020
25256
25256
25256
25256
25256
25256
547
25256
25256
53
30962
25256
25256
25256
25256
25256
25256
547
53
25256
42612
53
2958
25256
25256
25256
25256
25256
25256
547
25256
25256
25256
25256
25256
25256
25256
25256
53
16309
25256
25256
25256
25256
25256
25256
25256
25256
25256
53
20456
53
21781
25256
25256
25256
25256
25256
25256
53
53
53
20323
8365
18064
53
53
53
25256
36754
53
7990
50507
9545
25256
25256
25256
25256
25256
25256
25256
25256
25256
53
25256
25256
25256
25256
25256
25256
25256
25256
25256
25256
53
25256
26756
25256
9800
25256
25256
25256
53
53
53
53922
53
25256
25256
8133
53
25256
25256
25256
25256
25256
25256
25256
25256
53
53
25256
38304
53
16813
37817
13677
25256
7097
25256
25256
25256
25256
53
27506
53
61486
25256
25256
25256
25256
53
25256
25256
25811
12973
25256
25256
25256
25256
547
25256
53
58587
25256
25256
25256
5353
5353
25256
25256
25256
25256
25256
25256
25256
547
25256
25256
25256
25256
25256
25256
25256
25256
547
25256
25256
547
25256
25256
25256
25256
25256
25256
25256
25256
25256
25256
25256
25256
25256
25256
25256
25256
25256
25256
25256
25256
25256
25256
25256
25256
25256
25256
25256
25256
25256
25256
25256
25256
25256
25256
25256
25256
25256
25256
25256
25256
25256
25256
25256
25256
25256
25256
25256
25256
25256
25256
25256
25256
25256
25256
25256
25256
25256
25256
25256
25256
25256
25256
25256
25256
25256
25256
25256
25256
25256
25256
25256
25256
25256
25256
25256
25256
25256
25256
25256
25256
25256
25256
25256
25256
25256
25256
25256
25256
25256
25256
25256
25256
25256
53
32974
25256
25256
25256
547
25256
25256
25256
25256
25256
25256
25256
25256
25256
25256
25256
25256
25256
25256
25256
25256
25256
25256
25256
25256
25256
25256
25256
25256
25256
25256
25256
25256
25256
25256
25256
25256
25256
25256
25256
25256
25256
5353
5353
5353
5353
5353
5353
5353
5353
5353
5353
5353
5353
5353
5353
5353
5353
5353
5353
5353
5353
5353
5353
5353
5353
5353
5353
5353
5353
5353
5353
5353
5353
5353
5353
5353
5353
5353
5353
5353
5353
5353
5353
5353
5353
5353
5353
5353
5353
5353
5353
5353
5353
5353
5353
5353
5353
25256
5353
5353
25256
5353
25256
25256
25256
25256
25256
25256
25256
25256
25256
25256
25256
25256
25256
25256
25256
25256
25256
25256
25256
25256
25256
25256
25256
25256
25256
25256
25256
25256
25256
25256
25256
25256
25256
25256
25256
25256
25256
25256
25256
25256
25256
25256
25256
25256
25256
25256
25256
25256
25256
25256
25256
25256
25256
25256
25256
547
25256
25256
25256
25256
25256
25256
25256
25256
547
25256
25256
25256
25256
25256
25256
25256
25256
25256
25256
25256
25256
25256
25256
25256
25256
25256
25256
5353
25256
25256
25256
25256
25256
25256
5353
25256
25256
25256
25256
25256
25256
25256
25256
25256
25256
25256
25256
25256
25256
25256
25256
547
25256
25256
25256
25256
25256
25256
25256
547
25256
25256
25256
25256
25256
25256
25256
25256
25256
25256
25256
25256
25256
25256
25256
25256
25256
25256
25256
25256
25256
25256
25256
25256
25256
25256
25256
25256
25256
25256
25256
25256
25256
25256
25256
25256
25256
25256
25256
25256
25256
5355
25256
25256
25256
25256
25256
5355
25256
25256
25256
25256
25256
25256
25256
25256
25256
25256
5355
25256
25256
25256
25256
25256
5355
25256
25256
25256
25256
25256
25256
25256
25256
25256
25256
25256
25256
25256
25256
25256
25256
25256
25256
25256
25256
25256
25256
25256
25256
25256
25256
25256
25256
25256
25256
25256
25256
25256
25256
25256
25256
25256
25256
53
3462
25256
25256
25256
25256
25256
25256
25256
25256
25256
25256
25256
25256
25256
25256
25256
1900
25256
1900
1900
1900
25256
25256
25256
53
6525
25256
25256
25256
25256
25256
25256
25256
25256
25256
25256
25256
25256
25256
25256
25256
25256
25256
25256
25256
25256
25256
25256
25256
25256
25256
25256
25256
25256
25256
25256
25256
25256
25256
25256
25256
25256
25256
25256
25256
25256
25256
25256
25256
25256
25256
25256
25256
25256
25256
25256
25256
5355
25256
25256
25256
25256
25256
5355
25256
25256
25256
25256
25256
25256
25256
25256
25256
25256
25256
25256
25256
25256
25256
25256
25256
25256
25256
25256
25256
25256
25256
25256
25256
25256
25256
25256
25256
25256
25256
25256
25256
25256
25256
25256
25256
25256
25256
25256
25256
25256
25256
25256
25256
25256
25256
25256
25256
25256
25256
25256
25256
25256
25256
25256
25256
25256
25256
25256
25256
25256
25256
25256
25256
25256
25256
25256
25256
25256
25256
25256
25256
25256
25256
25256
25256
25256
25256
25256
25256
25256
25256
25256
25256
25256
25256
25256
25256
25256
1900
25256
1900
1900
1900
25256
25256
25256
25256
25256
25256
25256
25256
25256
25256
25256
25256
25256
25256
25256
25256
25256
25256
25256
25256
25256
25256
25256
25256
25256
25256
25256
25256
25256
25256
25256
25256
25256
5355
25256
25256
25256
25256
25256
5353
5355
25256
25256
25256
25256
25256
25256
25256
25256
25256
25256
25256
25256
25256
25256
25256
25256
25256
25256
25256
25256
25256
25256
25256
25256
25256
25256
25256
25256
25256
25256
25256
25256
25256
25256
25256
25256
25256
25256
25256
25256
25256
25256
547
547
25256
25256
25256
25256
25256
25256
25256
25256
547
25256
25256
25256
25256
25256
25256
25256
25256
25256
25256
25256
25256
25256
25256
25256
25256
25256
25256
25256
25256
25256
25256
25256
25256
25256
25256
25256
25256
25256
25256
25256
25256
25256
25256
25256
25256
25256
25256
25256
25256
25256
25256
25256
25256
25256
25256
25256
25256
25256
25256
25256
25256
25256
25256
25256
25256
25256
25256
25256
25256
25256
1900
25256
1900
1900
1900
25256
25256
25256
25256
25256
25256
25256
25256
25256
25256
25256
5355
25256
25256
25256
25256
25256
5355
25256
25256
25256
25256
25256
25256
25256
25256
25256
25256
25256
25256
25256
25256
25256
25256
25256
25256
25256
25256
25256
25256
25256
25256
25256
547
25256
25256
25256
25256
25256
547
25256
25256
25256
25256
25256
25256
25256
25256
25256
25256
25256
25256
25256
25256
25256
25256
25256
25256
25256
25256
25256
25256
25256
25256
25256
25256
25256
25256
25256
25256
25256
25256
25256
25256
25256
25256
25256
25256
25256
25256
25256
25256
25256
25256
25256
25256
25256
25256
25256
25256
25256
25256
25256
25256
25256
25256
25256
25256
25256
25256
25256
53
29361
25256
25256
25256
25256
25256
25256
25256
25256
25256
25256
25256
25256
25256
25256
25256
25256
25256
25256
25256
25256
25256
25256
25256
25256
25256
25256
25256
25256
25256
25256
25256
25256
25256
25256
5355
25256
25256
25256
25256
547
25256
5355
25256
25256
25256
53
53
53
51062
7934
25256
25256
25256
25256
25256
25256
25256
25256
25256
25256
53
25256
14880
25256
25256
5353
25256
25256
5355
25256
61162
25256
25256
25256
25256
5355
53
12039
25256
25256
25256
25256
25256
25256
25256
25256
25256
25256
25256
25256
25256
25256
25256
25256
25256
25256
25256
25256
25256
547
25256
25256
25256
25256
25256
25256
25256
25256
25256
25256
25256
25256
25256
25256
25256
25256
25256
25256
25256
25256
25256
25256
25256
25256
25256
25256
25256
25256
25256
25256
25256
25256
25256
5355
25256
25256
25256
25256
25256
25256
5355
25256
25256
25256
25256
25256
25256
25256
25256
25256
25256
25256
25256
25256
5355
5355
25256
25256
25256
25256
25256
25256
25256
25256
25256
25256
25256
25256
25256
25256
25256
25256
25256
25256
25256
25256
25256
5355
5355
25256
25256
25256
25256
25256
25256
5355
25256
25256
25256
25256
25256
5355
25256
25256
25256
25256
25256
25256
25256
25256
25256
25256
25256
25256
25256
25256
25256
25256
25256
5355
25256
25256
25256
25256
25256
5355
25256
25256
25256
25256
25256
25256
25256
25256
25256
25256
25256
25256
25256
25256
25256
25256
25256
25256
25256
25256
25256
25256
25256
25256
25256
547
25256
25256
53
53
22915
42970
53
53
53
53
53
53
39114
25256
43761
59263
52499
25256
29312
35981
25256
25256
25256
25256
25256
25256
53
55818
25256
25256
25256
25256
25256
25256
25256
25256
25256
25256
25256
25256
25256
25256
25256
25256
25256
25256
25256
25256
25256
25256
25256
53
52164
25256
53
25256
25256
2161
25256
25256
25256
53
53
53
10742
53
63093
53
25256
25293
53
2604
53
13911
53
53
36145
53
39104
53
15607
53
31775
53
25256
52512
53
12194
53
15862
53
16467
53
56151
53
53127
57387
53
25256
46840
3270
25256
26034
25256
25256
25256
53
44681
25256
25256
25256
25256
25256
25256
25256
53
25256
23049
25256
53
25256
25256
2828
25256
25256
25256
53
25486
25256
25256
53
53
25256
27766
12469
53
53
53
34968
25256
62683
25256
21869
25256
25256
25256
25256
25256
25256
25256
25256
25256
25256
25256
25256
5355
25256
25256
25256
1900
1900
25256
25256
5355
53
45920
25256
25256
25256
25256
25256
25256
53
32700
25256
53
53
53
32850
49862
29309
53
25256
23127
25256
25256
25256
25256
25256
25256
25256
25256
25256
25256
25256
25256
25256
25256
25256
25256
25256
25256
25256
547
25256
25256
25256
25256
25256
25256
25256
25256
25256
53
25256
25256
53
22508
25256
23710
25256
25256
25256
25256
25256
25256
53
53
53
16318
25256
5355
5355
5355
25256
5355
2961
25256
25256
24427
25256
25256
53
53
61092
25256
25256
62550
25256
53
42684
25256
25256
25256
53
16967
25256
25256
25256
25256
25256
25256
25256
53
3122
25256
25256
25256
53
43811
25256
25256
25256
25256
25256
25256
25256
25256
25256
53
9434
25256
547
25256
25256
25256
25256
25256
53
53
53
25256
13319
17207
61326
25256
53
27452
25256
25256
53
15494
25256
25256
25256
25256
25256
25256
25256
25256
25256
53
20745
25256
25256
25256
25256
25256
25256
53
7527
25256
25256
25256
25256
25256
25256
25256
25256
53
39023
25256
25256
25256
25256
25256
53
51084
25256
25256
25256
25256
547
25256
53
37424
25256
25256
25256
25256
5355
25256
53
53
53
47666
56617
53
53
34020
53
42173
53
2026
53
25256
34475
53
10906
17107
32595
25256
25256
25256
5355
25256
53
37398
25256
25256
53
17401
25256
25256
25256
25256
25256
25256
25256
25256
25256
25256
25256
25256
25256
25256
25256
25256
25256
1900
1900
25256
25256
25256
25256
25256
25256
25256
53
35281
25256
25256
25256
25256
25256
25256
25256
25256
25256
25256
25256
25256
25256
25256
25256
25256
25256
25256
25256
25256
25256
25256
547
25256
25256
25256
25256
25256
25256
25256
5355
25256
25256
25256
25256
25256
5355
25256
25256
25256
25256
25256
25256
25256
25256
25256
25256
25256
25256
25256
25256
25256
25256
25256
25256
25256
25256
25256
25256
25256
25256
25256
25256
25256
25256
25256
25256
25256
25256
25256
25256
25256
25256
25256
25256
25256
25256
25256
25256
25256
25256
25256
25256
25256
25256
25256
25256
25256
25256
25256
25256
25256
25256
25256
25256
25256
25256
25256
25256
5355
25256
25256
25256
25256
25256
5355
25256
25256
25256
25256
25256
25256
25256
25256
25256
25256
25256
25256
25256
5353
25256
25256
25256
25256
25256
25256
25256
25256
25256
25256
25256
25256
25256
25256
25256
25256
25256
25256
25256
25256
25256
25256
25256
25256
25256
25256
25256
25256
25256
1900
1900
25256
25256
25256
25256
25256
25256
25256
25256
25256
25256
25256
25256
25256
25256
25256
25256
25256
25256
25256
25256
25256
25256
25256
25256
25256
25256
25256
25256
25256
25256
547
25256
25256
25256
25256
25256
25256
25256
547
25256
25256
25256
25256
25256
25256
25256
25256
25256
25256
25256
25256
25256
25256
25256
25256
25256
25256
25256
25256
25256
25256
25256
25256
25256
25256
25256
25256
25256
25256
25256
25256
25256
25256
25256
25256
25256
25256
25256
25256
25256
25256
25256
547
25256
5355
25256
25256
25256
25256
25256
5355
25256
25256
25256
25256
25256
25256
25256
25256
25256
25256
25256
25256
25256
25256
25256
25256
25256
25256
25256
25256
25256
25256
25256
25256
25256
25256
25256
25256
25256
25256
25256
25256
25256
25256
5355
5355
5355
5355
25256
25256
25256
25256
25256
25256
25256
25256
25256
25256
25256
25256
25256
25256
25256
25256
25256
25256
25256
25256
5355
5355
25256
5355
5355
25256
25256
25256
25256
25256
25256
25256
25256
25256
25256
25256
25256
25256
25256
25256
25256
25256
25256
25256
25256
25256
25256
25256
25256
25256
25256
25256
25256
25256
25256
25256
25256
25256
25256
25256
25256
25256
25256
25256
25256
25256
25256
25256
25256
25256
25256
25256
25256
25256
25256
25256
25256
25256
25256
25256
25256
25256
25256
25256
25256
25256
25256
25256
25256
25256
25256
25256
25256
25256
5355
25256
25256
25256
25256
25256
5355
25256
25256
25256
25256
5353
25256
5353
25256
25256
25256
25256
25256
25256
25256
25256
25256
25256
25256
5353
25256
25256
25256
25256
25256
25256
25256
25256
25256
25256
25256
25256
25256
5353
25256
25256
25256
25256
25256
25256
25256
25256
25256
25256
5353
25256
25256
25256
25256
25256
25256
25256
25256
25256
25256
25256
25256
25256
25256
25256
25256
25256
25256
25256
25256
25256
25256
5353
25256
25256
25256
25256
25256
25256
25256
25256
25256
25256
25256
25256
25256
25256
25256
25256
25256
25256
25256
25256
25256
25256
25256
25256
25256
25256
25256
25256
25256
25256
25256
25256
25256
25256
5353
25256
25256
25256
25256
25256
25256
25256
25256
25256
25256
25256
25256
25256
25256
5353
25256
25256
25256
25256
25256
5353
25256
25256
25256
25256
25256
25256
25256
25256
25256
5355
25256
25256
53
33864
25256
25256
25256
5355
25256
25256
25256
25256
25256
25256
25256
25256
25256
25256
25256
25256
25256
5355
25256
25256
25256
25256
25256
5355
25256
25256
25256
25256
25256
25256
25256
25256
25256
25256
25256
25256
25256
25256
25256
25256
25256
25256
25256
25256
25256
25256
5353
25256
25256
25256
25256
25256
25256
25256
25256
25256
25256
25256
25256
25256
25256
25256
25256
25256
25256
25256
25256
25256
25256
25256
25256
25256
25256
25256
25256
25256
25256
25256
25256
25256
25256
5353
25256
25256
25256
25256
25256
25256
25256
25256
25256
25256
25256
25256
25256
53
38395
25256
25256
25256
25256
25256
25256
25256
53
53
44080
5035
25256
25256
25256
25256
25256
25256
25256
25256
25256
25256
25256
25256
25256
25256
25256
25256
25256
25256
25256
5355
25256
25256
25256
25256
25256
5355
25256
25256
25256
25256
25256
25256
5355
25256
25256
25256
5355
25256
25256
5355
25256
25256
25256
5355
25256
25256
25256
25256
25256
547
53
53
51337
52153
25256
25256
25256
5355
25256
25256
25256
25256
25256
5355
25256
25256
25256
25256
25256
25256
547
53
45729
25256
25256
53
63482
25256
25256
25256
25256
53
25256
61524
25256
25256
25256
53
25256
6904
25256
25256
25256
25256
25256
25256
25256
25256
25256
25256
25256
25256
25256
25256
25256
25256
25256
25256
25256
25256
25256
25256
25256
25256
25256
25256
25256
25256
25256
547
25256
25256
25256
25256
25256
25256
25256
25256
25256
25256
547
25256
25256
25256
25256
25256
25256
25256
25256
25256
53
46540
25256
25256
25256
25256
25256
25256
25256
25256
25256
25256
25256
25256
25256
25256
25256
25256
25256
25256
25256
25256
25256
25256
25256
25256
25256
25256
25256
25256
25256
25256
25256
25256
25256
25256
25256
53
9003
25256
25256
25256
25256
25256
25256
25256
5355
25256
25256
25256
25256
25256
5355
53
25256
2857
25256
25256
25256
25256
25256
25256
25256
25256
25256
25256
53
45413
5355
25256
25256
25256
25256
25256
5355
25256
25256
25256
25256
25256
53
6844
25256
25256
25256
25256
25256
25256
25256
25256
25256
25256
53
25256
53
25256
25256
25256
9064
25256
25256
25256
25256
25256
25256
42936
25256
25256
25256
25256
547
25256
25256
25256
25256
25256
25256
25256
25256
25256
25256
25256
25256
25256
25256
25256
53
25256
25256
25256
25256
25256
25256
25256
25256
8281
25256
25256
25256
25256
25256
25256
25256
25256
25256
25256
25256
25256
25256
25256
25256
25256
25256
25256
25256
25256
25256
25256
25256
25256
25256
25256
25256
25256
25256
25256
25256
25256
25256
25256
25256
25256
25256
25256
25256
25256
25256
25256
25256
25256
53
53
53
8468
44501
45016
53
48582
53
25256
53
53
51810
53
51330
53
52586
25256
25256
25256
25256
25256
25256
45561
25256
45090
25256
25256
25256
25256
5355
25256
25256
25256
25256
25256
5355
25256
25256
25256
25256
25256
25256
53
25342
25256
25256
25256
5355
25256
25256
25256
25256
25256
5355
25256
25256
25256
25256
25256
25256
25256
25256
25256
53
25256
48701
25256
25256
25256
25256
25256
25256
25256
25256
25256
1900
25256
25256
25256
25256
25256
53
19567
25256
25256
25256
25256
53
39276
25256
25256
25256
25256
25256
25256
25256
25256
25256
25256
25256
25256
25256
25256
25256
25256
25256
25256
25256
25256
25256
25256
25256
53
27576
25256
25256
25256
25256
25256
53
25256
25256
25256
14340
25256
25256
25256
25256
25256
25256
25256
25256
25256
25256
25256
25256
25256
25256
25256
25256
25256
25256
25256
25256
25256
25256
25256
25256
25256
25256
25256
547
25256
25256
25256
25256
25256
25256
25256
25256
25256
53
19704
25256
25256
25256
25256
25256
25256
25256
547
25256
25256
25256
25256
25256
53
53
53
25256
54944
16807
53
53
52615
42492
53
21325
25256
5355
25256
50625
25256
25256
25256
25256
5355
25256
25256
53
61846
25256
25256
25256
25256
25256
25256
53
62036
25256
25256
25256
25256
25256
25256
25256
25256
25256
25256
25256
25256
25256
25256
25256
25256
25256
53
6028
25256
25256
25256
53
45507
25256
25256
25256
25256
25256
25256
25256
25256
25256
5353
25256
25256
25256
25256
25256
25256
25256
25256
25256
25256
25256
53
33455
25256
25256
53
40681
25256
25256
25256
25256
25256
1900
25256
25256
53
10696
25256
25256
25256
25256
25256
25256
25256
25256
25256
25256
25256
25256
25256
25256
25256
25256
25256
25256
25256
25256
25256
25256
25256
25256
25256
25256
53
57619
25256
25256
25256
25256
25256
25256
547
25256
25256
25256
25256
53
53
53
8282
53
33768
56947
53
53
17622
59053
25256
25256
31773
25256
25256
25256
25256
25256
25256
25256
25256
25256
25256
53
59308
25256
25256
53
25256
25256
25256
25256
53878
25256
25256
25256
25256
25256
25256
25256
25256
53
25256
25256
5501
25256
25256
25256
5355
25256
25256
25256
25256
25256
5355
25256
25256
25256
25256
25256
25256
25256
25256
25256
25256
53
25256
25256
25256
25256
25256
25256
25256
25256
25256
56140
25256
25256
25256
25256
25256
25256
25256
25256
25256
25256
25256
25256
25256
25256
25256
25256
25256
25256
25256
25256
25256
25256
25256
53
31747
25256
25256
25256
25256
25256
25256
25256
25256
25256
25256
25256
25256
25256
25256
25256
25256
25256
25256
25256
25256
25256
25256
25256
25256
25256
25256
25256
25256
25256
25256
25256
25256
53
60398
25256
25256
1900
25256
5355
25256
25256
25256
25256
25256
5355
25256
25256
25256
25256
53
31182
25256
25256
25256
25256
25256
25256
25256
25256
25256
25256
25256
25256
25256
25256
25256
25256
25256
25256
25256
25256
25256
547
25256
25256
53
25256
25256
53
50169
25256
25256
25256
25256
25256
25256
25256
9108
25256
25256
25256
25256
25256
5355
25256
53
25256
25256
25256
25256
5355
25256
25256
25256
25256
25256
25256
25256
58822
25256
25256
53
20171
25256
53
27076
25256
25256
25256
25256
25256
25256
25256
25256
25256
25256
25256
25256
25256
25256
25256
25256
25256
25256
25256
547
25256
25256
547
25256
25256
25256
25256
25256
25256
25256
25256
25256
25256
25256
25256
25256
25256
25256
25256
25256
25256
25256
25256
25256
25256
25256
25256
53
25256
25256
53
41881
25256
25256
25256
25256
29742
25256
25256
25256
25256
25256
25256
25256
25256
25256
25256
25256
25256
25256
25256
25256
25256
25256
25256
25256
25256
25256
25256
25256
25256
25256
25256
25256
25256
25256
25256
25256
25256
25256
25256
25256
25256
25256
25256
25256
25256
25256
25256
25256
25256
25256
25256
25256
25256
25256
25256
25256
25256
25256
25256
53
32560
25256
25256
25256
25256
53
53
25256
25256
25256
25256
5355
25256
25256
25256
25256
25256
10586
5355
25256
547
25256
25256
547
25256
25256
25256
25256
10885
25256
25256
53
53
53
34449
49515
12983
25256
25256
25256
25256
25256
25256
25256
25256
25256
25256
53
25256
25256
13766
25256
25256
25256
25256
25256
25256
25256
25256
25256
25256
25256
25256
25256
25256
25256
25256
25256
547
25256
25256
25256
25256
25256
25256
25256
25256
25256
25256
25256
25256
25256
25256
25256
53
35079
25256
25256
25256
25256
25256
25256
25256
25256
25256
25256
25256
25256
25256
25256
25256
25256
25256
25256
25256
25256
25256
25256
25256
25256
25256
25256
25256
25256
25256
25256
25256
25256
25256
25256
25256
25256
25256
25256
25256
25256
25256
25256
25256
25256
25256
25256
25256
25256
25256
25256
25256
25256
25256
53
53
53
25256
36638
53
25256
47643
53
25256
25256
25256
25256
25256
25256
25256
61806
36616
25256
53
53
25256
25256
25256
25256
25256
25256
25256
25256
5355
25256
40650
53
39617
53
25256
25256
21437
25256
25256
53
5355
25256
25256
25256
25256
25256
61499
53
25256
25256
25256
32374
53
3040
25256
53
41338
53
25256
25256
25256
25256
5881
5355
53
5355
25256
43782
53
25256
60136
53
3193
53
39054
53
25256
25256
25256
25256
25256
25256
55328
53
25256
25256
25256
25256
25256
25256
25256
25256
32155
53
25256
25256
25256
25256
26644
53
53
1785
5355
5355
25256
25256
53
49702
11585
53
25256
25256
39245
53
25256
25256
25256
25256
5993
53
25256
25256
25256
25256
52277
25256
25256
25256
59987
25256
25256
25256
25256
25256
25256
25256
25256
25256
53
14632
25256
25256
25256
25256
25256
37513
25256
25256
25256
25256
25256
25256
25256
25256
25256
25256
547
25256
25256
25256
25256
25256
25256
25256
25256
25256
25256
25256
25256
25256
25256
25256
25256
25256
25256
25256
25256
25256
25256
25256
25256
25256
25256
25256
25256
25256
25256
25256
25256
25256
53
25256
25256
25256
25256
25256
25256
25256
25256
25256
25256
25256
12761
25256
25256
25256
25256
25256
25256
25256
25256
25256
53
12398
25256
25256
25256
25256
25256
53
3073
25256
25256
25256
25256
25256
25256
53
46547
25256
53
25256
25256
29325
25256
25256
25256
25256
53
53
64360
11649
25256
25256
25256
25256
25256
25256
25256
25256
25256
25256
25256
53
23454
25256
25256
25256
25256
25256
53
25256
25256
5789
25256
25256
25256
25256
25256
547
25256
25256
25256
25256
25256
25256
25256
25256
25256
25256
25256
25256
25256
25256
25256
25256
25256
25256
25256
25256
25256
25256
25256
25256
25256
25256
25256
25256
53
25256
49948
53
24781
53
39979
53
25256
25256
25256
59675
25256
25256
25256
25256
25256
25256
25256
25256
25256
25256
5353
25256
25256
5353
5353
25256
5353
5353
25256
5353
5353
25256
25256
5353
25256
25256
547
25256
25256
25256
25256
53
25256
51373
25256
25256
25256
25256
53
64324
25256
25256
25256
25256
25256
25256
25256
25256
25256
25256
25256
25256
25256
25256
25256
25256
25256
25256
25256
25256
25256
25256
25256
25256
25256
25256
25256
25256
25256
25256
25256
25256
25256
25256
5353
547
53
6236
25256
25256
25256
25256
25256
25256
25256
547
25256
25256
25256
25256
25256
25256
25256
25256
25256
25256
25256
25256
25256
25256
25256
25256
25256
25256
25256
53
63409
25256
25256
25256
25256
25256
25256
25256
25256
25256
25256
25256
25256
53
42707
25256
25256
25256
25256
25256
25256
25256
25256
25256
25256
25256
25256
25256
25256
25256
25256
25256
25256
25256
547
25256
25256
25256
25256
25256
25256
25256
25256
53
53
12978
25256
25256
25256
64224
25256
25256
25256
25256
25256
25256
25256
25256
25256
25256
25256
25256
25256
25256
25256
25256
25256
25256
25256
25256
25256
25256
25256
25256
25256
25256
25256
25256
25256
25256
25256
25256
5353
25256
25256
25256
25256
53
31521
25256
25256
25256
25256
25256
25256
25256
25256
25256
25256
25256
25256
25256
25256
25256
25256
25256
25256
25256
25256
25256
25256
25256
25256
25256
25256
25256
25256
25256
25256
25256
25256
5353
547
25256
25256
25256
25256
25256
25256
25256
25256
25256
25256
25256
25256
25256
25256
25256
25256
25256
25256
25256
25256
25256
25256
25256
25256
25256
25256
25256
25256
25256
25256
25256
25256
25256
25256
25256
25256
25256
25256
25256
25256
25256
25256
25256
53
7382
25256
25256
25256
53
46723
25256
25256
25256
53
25256
61923
547
25256
25256
25256
25256
25256
53
25256
53
13559
25256
62618
25256
25256
25256
25256
25256
25256
25256
25256
25256
25256
25256
25256
25256
25256
25256
25256
25256
25256
25256
25256
547
25256
25256
25256
25256
25256
25256
25256
25256
25256
25256
25256
25256
25256
25256
25256
25256
25256
25256
25256
547
25256
53
25256
29095
25256
25256
25256
25256
25256
25256
25256
25256
25256
25256
25256
25256
25256
25256
25256
25256
25256
25256
25256
25256
25256
25256
25256
547
25256
25256
25256
25256
25256
25256
25256
25256
25256
25256
25256
25256
25256
25256
25256
25256
25256
25256
25256
25256
25256
25256
53
18631
25256
25256
25256
547
25256
25256
25256
25256
547
25256
25256
25256
25256
25256
25256
25256
25256
25256
25256
25256
25256
25256
25256
5353
25256
25256
25256
53
53
53
53
48494
64449
13139
54066
25256
53
57526
25256
25256
53
40344
25256
25256
25256
25256
25256
25256
25256
25256
25256
25256
25256
25256
25256
25256
25256
25256
53
53638
25256
25256
25256
25256
25256
25256
25256
25256
25256
25256
25256
25256
25256
25256
25256
25256
25256
25256
25256
25256
25256
25256
25256
25256
25256
25256
25256
25256
25256
25256
25256
25256
25256
25256
25256
25256
25256
25256
25256
25256
25256
25256
25256
25256
25256
25256
25256
25256
25256
25256
25256
25256
25256
25256
25256
25256
25256
25256
25256
25256
53
58652
25256
547
25256
25256
25256
25256
25256
25256
25256
25256
25256
25256
25256
25256
25256
25256
25256
25256
25256
25256
25256
25256
25256
25256
25256
25256
25256
25256
547
25256
25256
25256
25256
25256
25256
25256
547
25256
25256
25256
25256
25256
25256
25256
25256
25256
25256
25256
25256
25256
25256
25256
25256
25256
25256
25256
25256
25256
25256
25256
25256
25256
25256
25256
25256
25256
25256
25256
25256
25256
25256
25256
25256
25256
25256
25256
25256
25256
25256
25256
547
25256
25256
25256
25256
25256
25256
25256
25256
25256
25256
25256
25256
53
53
25256
57952
47875
25256
25256
25256
25256
25256
25256
25256
25256
25256
25256
25256
64925
25256
25256
25256
547
25256
25256
25256
25256
25256
25256
25256
25256
25256
25256
25256
25256
25256
25256
25256
25256
25256
25256
25256
25256
25256
25256
25256
25256
25256
25256
25256
25256
25256
25256
25256
25256
25256
25256
25256
25256
25256
25256
25256
25256
25256
25256
25256
25256
25256
25256
25256
25256
25256
25256
25256
547
25256
25256
25256
25256
25256
25256
25256
25256
25256
25256
25256
25256
25256
25256
25256
25256
25256
25256
25256
25256
25256
25256
547
25256
25256
25256
25256
25256
25256
25256
25256
53
15891
