546
7338
24704
42953
51848
64131
53
9438
53
53
31734
59540
53
23793
53
53
53
53
24704
24704
24704
24704
24704
24704
24704
24704
546
24704
24704
24704
24704
24704
24704
24704
24704
24704
24704
24704
24704
24704
24704
24704
24704
24704
24704
24704
24704
24704
24704
24704
24704
24704
24704
24704
24704
24704
24704
24704
24704
24704
24704
24704
546
24704
24704
24704
24704
24704
24704
24704
24704
24704
24704
24704
24704
24704
24704
24704
24704
24704
24704
24704
24704
24704
24704
24704
24704
24704
24704
24704
24704
24704
24704
24704
24704
24704
24704
24704
24704
24704
24704
24704
24704
24704
24704
24704
24704
24704
24704
24704
24704
24704
24704
24704
24704
24704
546
24704
24704
24704
24704
546
24704
24704
24704
24704
24704
24704
24704
24704
546
24704
24704
24704
5353
24704
24704
24704
24704
24704
24704
5353
24704
24704
24704
24704
24704
24704
24704
24704
24704
24704
24704
24704
24704
24704
24704
24704
24704
24704
24704
24704
24704
546
24704
24704
24704
24704
24704
24704
24704
24704
24704
24704
24704
24704
546
24704
24704
24704
24704
24704
24704
24704
24704
24704
546
24704
24704
24704
24704
24704
24704
24704
24704
24704
24704
24704
24704
24704
24704
24704
24704
24704
24704
24704
24704
24704
24704
24704
24704
24704
24704
24704
24704
24704
24704
24704
24704
24704
546
24704
24704
24704
24704
24704
24704
24704
24704
24704
24704
24704
24704
24704
24704
24704
24704
24704
24704
24704
24704
546
24704
24704
24704
24704
24704
24704
52116
24704
24704
24704
24704
24704
24704
52116
24704
24704
24704
24704
24704
24704
24704
24704
24704
24704
24704
24704
24704
24704
24704
24704
24704
24704
24704
24704
24704
24704
24704
24704
24704
24704
24704
24704
24704
24704
24704
24704
24704
24704
24704
24704
24704
24704
24704
24704
24704
24704
24704
24704
24704
24704
24704
24704
24704
24704
24704
24704
24704
546
24704
24704
24704
24704
24704
24704
24704
24704
24704
24704
24704
24704
24704
24704
24704
24704
24704
24704
24704
24704
24704
24704
24704
24704
546
24704
24704
24704
24704
24704
24704
24704
546
24704
24704
24704
24704
24704
24704
24704
24704
24704
24704
24704
24704
24704
24704
24704
24704
24704
24704
24704
24704
24704
24704
24704
24704
24704
24704
24704
24704
24704
24704
24704
24704
24704
24704
24704
24704
24704
24704
24704
24704
24704
24704
50565
24704
24704
24704
24704
24704
24704
50565
24704
24704
24704
24704
24704
24704
24704
24704
24704
24704
24704
24704
24704
24704
24704
24704
24704
24704
24704
24704
24704
24704
24704
24704
24704
24704
24704
24704
24704
24704
24704
24704
24704
24704
24704
24704
546
24704
24704
24704
24704
24704
24704
24704
546
24704
24704
24704
546
24704
24704
24704
24704
24704
24704
24704
24704
24704
24704
24704
24704
24704
24704
24704
24704
24704
24704
24704
24704
24704
24704
24704
24704
24704
24704
24704
24704
24704
52260
24704
24704
24704
24704
24704
52260
24704
24704
24704
52637
24704
24704
24704
24704
546
24704
546
52637
24704
24704
24704
24704
24704
24704
24704
24704
24704
24704
24704
24704
24704
24704
24704
24704
24704
24704
24704
24704
24704
24704
24704
24704
24704
24704
24704
24704
24704
24704
24704
24704
24704
24704
24704
24704
24704
24704
64440
24704
62903
24704
53
24704
24704
24704
24704
62903
24704
24704
24704
24704
24704
24704
24704
52090
24704
53
24704
24704
24704
24704
24704
24704
24704
24704
24704
24704
24704
24704
24704
24704
24704
24704
24704
24704
23475
53
24704
24704
24704
24704
24704
24704
24704
24704
24704
24704
53519
4191
51452
24704
53
53
38895
30422
53
40224
24704
53
37626
53
16128
53
23310
24704
53
52526
53
17729
53
35599
53
40338
24704
53
62230
53
46135
53
60718
53
10192
24704
53
21918
24704
53
61558
53
46390
24704
24704
53
13104
53
25340
24704
24704
53
12822
24704
24704
53
22916
53
27800
53
24704
24704
53
24704
53
24704
24704
24704
24704
24704
24704
24704
24704
24704
24704
24704
24704
24704
24704
24704
24704
24704
24704
24704
61872
24704
546
24704
24704
24704
24704
61872
24704
546
24704
24704
24704
24704
24704
24704
24704
24704
24704
24704
24704
50907
24704
24704
24704
24704
24704
50907
24704
24704
24704
24704
24704
24704
24704
24704
24704
24704
24704
24704
24704
24704
24704
24704
24704
24704
24704
24704
24704
24704
24704
24704
24704
24704
24704
24704
24704
24704
24704
24704
24704
24704
546
24704
60071
24704
24704
24704
24704
24704
60071
24704
24704
24704
24704
24704
24704
24704
24704
24704
24704
24704
24704
24704
24704
24704
24704
24704
24704
24704
24704
24704
24704
24704
24704
24704
24704
24704
24704
24704
24704
24704
24704
24704
24704
24704
24704
24704
24704
24704
24704
24704
24704
24704
24704
24704
24704
24704
24704
24704
24704
24704
24704
24704
24704
24704
24704
24704
24704
24704
24704
24704
24704
24704
24704
24704
24704
24704
24704
24704
24704
24704
24704
24704
24704
24704
24704
24704
24704
24704
24704
24704
546
24704
24704
24704
24704
24704
24704
24704
546
24704
24704
24704
24704
24704
24704
546
24704
24704
24704
24704
24704
24704
24704
24704
24704
24704
24704
24704
24704
2006
53
24704
24704
24704
24704
24704
24704
24704
546
24704
24704
24704
24704
24704
24704
24704
24704
24704
24704
24704
24704
62866
24704
24704
24704
24704
24704
62866
24704
24704
24704
24704
24704
24704
24704
24704
24704
24704
24704
24704
24704
24704
24704
24704
24704
24704
24704
24704
24704
24704
24704
24704
24704
24704
48329
53
24704
24704
24704
63230
53
24704
24704
24704
24704
24704
24704
24704
24704
20107
5027
53
53
24704
24704
24704
24704
24704
24704
24704
24704
24704
24704
24704
24704
24704
24704
24704
24704
24704
24704
24704
24704
24704
24704
24704
24704
24704
24704
24704
24704
24704
24704
24704
24704
24704
24704
24704
24704
24704
24704
24704
24704
24704
24704
24704
24704
24704
24704
24704
24704
24704
24704
24704
24704
24704
24704
24704
24704
24704
24704
24704
24704
24704
24704
59960
53
24704
24704
24704
58781
55082
25954
53
40488
53
54513
53
53025
53
30715
53
2009
24704
46994
53
24704
53
11171
53
53
43598
51439
53
26155
53
63892
53
56088
24704
53
59460
49695
24704
53
17310
53
62134
53
20876
53
11047
53
7077
53
42980
53
56594
24704
53
35178
53
37122
53
42806
24704
53
52385
53
61652
53
7414
53
5630
24704
53
48853
24704
53
48103
53
35028
49695
53
28593
24704
53
25580
53
58492
53
6436
53
7701
53
35926
53
24446
53
19377
53
10621
53
3720
53
22740
24704
53
5315
53
24704
24704
53
24704
24704
24704
53
24704
24704
24704
24704
24704
24704
24704
24704
24704
24704
24704
59150
24704
24704
24704
24704
24704
24704
59150
24704
24704
24704
24704
24704
24704
24704
24704
24704
63423
63423
546
24704
24704
24704
24704
24704
24704
24704
24704
25799
24704
24704
53
24704
24704
24704
24704
32876
53
24704
24704
38687
53
24704
24704
24704
24704
546
24704
24704
24704
24704
24704
24704
24704
24704
24704
24704
24704
24704
24704
24704
24704
24704
24704
24704
24704
59814
24704
24704
58433
53
24704
24704
53
24704
24704
24704
24704
24704
24704
24704
546
24704
24704
24704
24704
24704
24704
24704
24704
24704
24704
24704
24704
24704
24704
24704
24704
24704
24704
24704
24704
24704
24704
24704
24704
24704
24704
24704
24704
24704
60033
24704
53
24704
24704
24704
24704
24704
24704
24704
24704
24704
24704
24704
24704
24704
24704
24704
24704
24704
24704
24704
24704
24704
24704
24704
24704
24704
24704
24704
24704
24704
546
24704
24704
24704
24704
24704
61153
24704
24704
24704
24704
24704
24704
24704
56437
53
39573
24704
53
24704
24704
24704
24704
53243
24704
24704
20734
53
24704
24704
24704
53243
24704
24704
24704
24704
24704
24704
24704
24704
24704
24704
24704
59791
24704
53
26908
53
24704
24704
24704
24704
40396
53
24704
24704
24704
63423
63423
546
24704
24704
24704
24704
24704
24704
24704
24704
24704
24704
24704
24704
24704
46550
55860
53
53
24704
24704
5353
24704
24704
24704
5353
24704
24704
24704
24704
24704
24704
24704
24704
24704
24704
24704
24704
24704
24704
24704
24704
24704
24704
24704
24704
24704
24704
24704
24704
24704
24704
24704
24704
24704
47943
53
24704
24704
24704
24704
24704
24704
24704
24704
14166
22179
53
53
24704
24704
24704
24704
24704
24704
24704
34718
24704
53
24704
546
24704
24704
24704
5305
53
24704
24704
24704
24704
24704
24704
24704
24704
24704
24704
24704
11750
53
47517
24704
53
24704
24704
24704
24704
24704
24704
24704
24704
24704
24704
24704
24704
24704
24704
24704
24704
24704
24704
24704
24704
24704
48831
53
24704
39961
59704
64784
53
58719
53
53
53
24704
24704
4120
24704
24704
24704
24704
53
24704
24704
57636
24704
24704
24704
24704
24704
61153
57636
24704
29055
53
24704
24704
60669
13266
61332
62743
53
53
24704
53
53
24704
24704
24704
24704
24704
24704
24704
24704
24704
24704
49165
53
24704
24704
24704
24704
22693
30901
53
24704
53
24704
24704
24704
24704
24704
24704
24704
24704
24704
24704
24704
24704
24704
24704
24704
24704
24704
63423
63423
24704
24704
24704
24704
24704
24704
24704
24704
24704
24704
24704
24704
24704
60069
53
24704
30459
11981
22465
53
53
35223
61469
53
17091
53
61754
53
28816
53
31037
53
18424
53
24704
24704
20550
53
24704
24704
24704
24704
24704
53
24704
24704
37379
24704
53
24704
24704
24704
24704
24704
53
24704
24704
24704
24704
24704
24704
24746
58025
53
53
24704
9920
24704
53
24704
24704
23166
36265
48413
4884
53
53
53
24704
53
46595
53
24704
24704
7490
64164
2230
53
54069
53
41070
24704
21044
24704
24704
24704
24704
53
24704
5515
53
24704
546
24704
546
24704
44901
50395
46003
50202
24704
24704
53
53
51016
24704
53
63878
24704
24704
24704
24704
24704
53
18527
24704
53
43312
53
24704
53
49904
24704
53
24704
24704
24704
53
24704
24704
24704
24704
24704
24704
24704
24704
24704
24704
24704
24704
24704
24704
24704
24704
24704
24704
53
53
24704
24704
24704
24704
24704
24704
24704
24704
24704
24704
24704
63985
53
24704
24704
24704
24704
24704
51080
24704
24704
24704
24704
24704
53
24704
51080
24704
24704
24704
24704
24704
24704
24704
24704
24704
61153
24704
24704
24704
24704
24704
29557
53
24704
546
6621
11695
24704
46215
59229
53
53
42926
53
53
24704
24704
53
24704
24704
24704
24704
24704
24704
24704
31539
53
13812
29281
24704
51728
21852
4765
53
53
53
53
4899
6185
53
53
41490
48976
53
55876
53
33077
53
53
47649
11001
53
53
53
12813
53
24704
43319
53
30978
52760
24153
53
12394
24704
53
45108
53
62869
53
19038
53
53
24704
53
24704
24704
24704
24704
44764
11259
54270
56320
38088
53
53
53
24704
53
24704
24704
53
24704
24704
24704
24704
24704
24704
24704
24704
24704
24704
24704
24704
24704
24704
24704
24704
24704
24704
24704
24704
24704
24704
24704
24704
546
24704
24704
24704
24189
16390
53
53
24704
24704
24704
24704
24704
63806
28635
53
53
24704
24704
24704
24704
24704
24704
24704
24704
24704
24704
24704
24704
24704
24704
24704
24704
24704
24704
24704
24704
24704
24704
24704
24704
24704
24704
24704
24704
24704
2821
47759
24704
45292
53
24704
53
24704
53
24704
24704
24704
24704
24704
29390
53
24704
24704
24704
24704
24704
24704
31482
24704
53
53458
53
24704
24704
24704
24704
24704
24704
24704
19610
34053
53
53
24704
24704
7021
64147
26678
53
17113
53
11853
53
64282
53
53
53
24704
24704
24704
24704
24704
24704
24704
53956
24704
24704
24704
24704
1952
53
24704
53956
24704
24704
8412
53
24704
24704
29658
53
24704
24704
24704
24704
24704
24704
19238
39783
24704
53
53
45391
53
24704
24704
24704
43454
53
27129
53507
53
53
24704
24704
24704
24704
58092
22929
24704
53
53
24704
24704
24704
24704
24704
24704
24704
24704
59546
24704
53
24704
24704
24704
24704
24704
24704
24704
24704
24704
24704
24704
24704
24704
24704
24704
24704
24704
24704
24704
24704
24704
24704
24704
24704
24704
24704
24704
24704
24704
24704
24704
546
24704
24704
24704
24704
24704
24704
24704
24704
24704
24704
546
24704
24704
24704
24704
24704
24704
24704
24704
546
24704
38932
53
24704
24704
24704
24704
24704
24704
24704
24704
24704
24704
24704
51768
53
24704
24704
24704
8786
53
24704
24704
24704
24704
24704
24704
24704
24704
24704
24704
24704
24704
24704
24704
24704
24704
24704
24704
24704
24704
24704
24704
24704
24704
546
24704
24704
24704
24704
24704
24704
24704
24704
24704
24704
24704
24704
24704
24704
24704
24704
24704
24704
24704
24704
24704
24704
24704
24704
24704
24704
24704
24704
24704
24704
24704
24704
24704
63676
24704
24704
24704
24704
24704
63676
24704
24704
24704
24704
24704
24704
24704
24704
24704
24704
24704
24704
24704
24704
24704
24704
24704
24704
24704
24704
24704
24704
24704
24704
24704
24704
24704
24704
24704
24704
24704
24704
24704
24704
24704
54505
24704
24704
24704
24704
24704
54505
24704
24704
24704
24704
24704
24704
24704
24704
24704
24704
24704
24704
24704
24704
24704
24704
24704
24704
546
24704
24704
24704
24704
24704
24704
24704
24704
24704
24704
24704
24704
24704
24704
24704
24704
24704
24704
24704
24704
24704
24704
24704
24704
24704
24704
24704
24704
24704
24704
24704
24704
24704
24704
24704
24704
24704
24704
24704
24704
24704
24704
24704
24704
24704
24704
24704
24704
24704
24704
24704
24704
546
24704
24704
24704
24704
24704
24704
24704
24704
24704
24704
24704
24704
56377
24704
24704
24704
24704
24704
56377
24704
24704
24704
24704
24704
24704
24704
24704
24704
24704
24704
24704
24704
24704
24704
24704
24704
24704
24704
24704
24704
24704
24704
24704
24704
546
24704
24704
24704
24704
24704
24704
24704
24704
24704
24704
24704
24704
546
24704
24704
24704
24704
24704
24704
24704
24704
24704
24704
24704
24704
54335
24704
24704
24704
24704
24704
54335
24704
24704
24704
24704
24704
24704
24704
24704
24704
24704
24704
24704
24704
24704
24704
24704
24704
24704
24704
24704
24704
24704
24704
24704
24704
24704
24704
24704
24704
24704
24704
24704
24704
24704
24704
24704
24704
24704
24704
24704
24704
24704
546
24704
24704
24704
24704
24704
24704
24704
24704
24704
24704
24704
24704
24704
24704
24704
24704
24704
24704
24704
24704
49169
49169
24704
24704
24704
24704
24704
24704
24704
60225
24704
24704
24704
24704
24704
60225
24704
24704
24704
24704
24704
24704
24704
24704
24704
24704
24704
24704
24704
24704
24704
24704
24704
24704
24704
24704
24704
24704
24704
24704
24704
24704
24704
24704
24704
24704
24704
24704
24704
24704
24704
24704
24704
546
24704
24704
61530
24704
24704
24704
24704
24704
24704
24704
24704
24704
24704
24704
24704
24704
24704
24704
24704
24704
24704
24704
24704
24704
61530
24704
24704
24704
546
24704
24704
24704
24704
24704
24704
24704
24704
24704
24704
24704
24704
24704
24704
24704
24704
24704
24704
24704
24704
24704
24704
24704
24704
24704
24704
24704
24704
24704
24704
24704
24704
24704
24704
24704
24704
24704
24704
24704
24704
24704
24704
24704
24704
24704
24704
24704
24704
24704
24704
546
24704
24704
24704
24704
24704
24704
24704
24704
24704
59601
24704
24704
24704
24704
24704
59601
24704
24704
24704
24704
24704
24704
24704
24704
24704
24704
24704
49169
49169
24704
24704
24704
24704
24704
24704
24704
24704
24704
24704
24704
24704
24704
24704
24704
24704
24704
24704
24704
24704
546
24704
24704
24704
546
24704
24704
24704
24704
24704
24704
24704
24704
24704
24704
24704
24704
24704
24704
546
24704
24704
24704
24704
24704
24704
24704
24704
24704
24704
24704
24704
24704
24704
24704
24704
24704
24704
24704
24704
24704
24704
24704
24704
24704
24704
24704
24704
546
24704
24704
24704
24704
24704
24704
24704
24704
24704
24704
546
24704
28754
24704
53
24704
24704
24704
24704
24704
24704
24704
24704
24704
24704
546
24704
24704
24704
24704
24704
24704
24704
24704
24704
24704
24704
24704
24704
24704
24704
24704
24704
24704
24704
24704
24704
24704
24704
24704
24704
24704
24704
24704
24704
24704
24704
24704
24704
24704
24704
24704
24704
5353
24704
24704
24704
24704
24704
24704
24704
55421
55421
24704
24704
24704
24704
546
24704
24704
24704
24704
24704
24704
24704
24704
24704
24704
24704
24704
24704
24704
24704
49169
49169
24704
24704
24704
24704
24704
24704
24704
24704
24704
24704
24704
24704
24704
24704
24704
24704
24704
24704
24704
24704
24704
24704
24704
24704
24704
24704
24704
24704
24704
24704
24704
24704
24704
24704
24704
24704
24704
24704
546
24704
24704
24704
24704
24704
24704
24704
24704
24704
24704
24704
24704
24704
24704
24704
24704
24704
24704
24704
24704
24704
24704
24704
24704
24704
24704
24704
24704
24704
24704
24704
24704
24704
24704
24704
24704
24704
24704
24704
24704
24704
24704
24704
24704
24704
24704
24704
24704
24704
24704
24704
24704
24704
24704
24704
24704
24704
24704
24704
24704
24704
24704
24704
24704
24704
24704
24704
24704
24704
24704
24704
24704
24704
24704
24704
24704
24704
24704
24704
24704
24704
24704
24704
24704
24704
24704
24704
546
24704
24704
37163
24704
53
24704
24704
24704
55421
55421
24704
24704
24704
24704
24704
24704
24704
24704
24704
24704
24704
24704
24704
24704
24704
24704
24704
20982
24704
24704
24704
24704
24704
53
24704
24704
24704
24704
24704
24704
24704
24704
24704
24704
24704
24704
24704
24704
24704
24704
24704
24704
24704
24704
24704
24704
24704
24704
24704
24704
24704
24704
24704
24704
24704
24704
24704
24704
24704
24704
24704
24704
24704
24704
24704
18996
24704
24704
53
24704
24704
24704
24704
24704
24704
35546
27509
53
53
24704
24704
24704
546
24704
24704
24704
24704
24704
24704
24704
24704
24704
24704
24704
57592
2196
24704
53
25421
53
24704
53
24704
24704
24704
24704
24704
24704
24704
24704
24704
24704
24704
24704
24704
24704
24704
24704
24704
24704
24704
24704
24704
546
24704
24704
5786
53
24704
24704
24014
31153
30357
16421
53
61376
53
10966
53
61391
24704
53
38806
53
36644
24704
53
24704
53
40716
24704
24704
52023
53
24704
24704
53
24704
24704
36483
24704
24704
25595
53
53
24704
53
53
24704
24704
24704
24704
24704
8712
53
24704
24704
24704
24704
24704
24704
24704
24704
24704
24704
24704
24704
24704
59003
53
4198
53
24704
24704
24704
24704
24704
24704
4179
46846
12069
53
26551
53
41999
24704
37624
24704
55421
55421
24704
53
24704
53
24704
24704
24704
52505
53
24704
53
24704
57586
53
24704
30907
24704
53
24704
24704
24704
24704
53
24704
24704
24704
24704
24704
24704
24704
24704
24704
24704
24704
24704
24704
24704
24704
24704
24704
24704
24704
25441
53
24704
24704
546
24704
24704
24704
24704
24704
24704
24704
24704
24704
24704
24704
24704
24704
24704
24704
24704
24704
24704
24704
24704
24704
24704
24704
24704
24704
24704
24704
24704
24704
24704
24704
24704
24704
24704
24704
24704
24704
24704
24704
24704
24704
24704
24704
24704
24704
24704
24704
24704
24704
24704
24704
24704
24704
24704
24704
24704
24704
24704
24704
24704
24704
24704
24704
24704
24704
24704
24704
24704
24704
24704
24704
24704
24704
24704
24704
24704
24704
24704
24704
24704
24704
24704
24704
24704
24704
24704
24704
24704
24704
24704
24704
24704
24704
24704
24704
24704
49527
48737
51297
24339
53
11831
53
24704
24704
24704
24704
24704
24704
24704
24704
53
7000
53
64693
24704
53
21214
53
57191
56301
53
53
6779
35423
53
65259
24704
53
54298
53
16115
53
3847
22295
24704
24704
22295
24704
53
40219
53
57510
53
12132
53
10082
24704
24704
53
21926
53
24704
24704
60493
53
24704
53
36119
25031
53
38892
24704
53
5035
53
53
30140
24704
22914
53
10595
53
13034
24704
53
50312
24704
53
49911
24704
53
24176
24704
24704
53
29326
24704
53
24704
38949
53
24704
57978
24704
53
53
47132
24704
53
53
24704
24704
24704
24704
24704
24704
24704
24704
24704
24704
24704
24704
24704
24704
24704
24704
24704
24704
24704
24704
24704
24704
24704
24704
24704
24704
24704
24704
24704
24704
24704
24704
24704
24704
24704
24704
24704
24704
24704
24704
24704
57714
24704
24704
24704
24704
24704
57714
24704
24704
24704
24704
24704
24704
24704
24704
24704
24704
24704
24704
24704
24704
24704
24704
24704
20796
53
24704
24704
24704
53
24704
24704
24704
24704
24704
24704
24704
7906
56034
53
53
24704
24704
24704
24704
24704
24704
24704
24704
54641
24704
24704
24704
546
24704
24704
54641
24704
24704
24704
33805
53
24704
24704
24704
24704
24704
24704
24704
24704
8196
53
14438
53
24704
24704
24704
24704
24704
24704
24704
24704
24704
24704
34152
53
24704
65403
53
24704
47722
53
24704
24704
24704
24704
55767
53
24704
24704
24704
24704
24704
24704
24704
24704
24704
24704
24704
24704
24704
55279
24704
24704
24704
24704
24704
55279
24704
24704
24704
546
24704
30600
53
24704
24704
24704
24704
24704
24704
24704
546
24704
24704
24704
1028
43318
25830
1414
53
53
45652
64694
53
53
60754
13355
53
53
5910
53
53
24704
53
24704
65302
24704
53
24704
24704
24704
1507
53
24704
24704
24704
24704
24704
56347
53
24704
24704
60527
15177
34882
53
53
53
24704
14567
21304
63249
53
53
53
59820
64451
53
53
24704
60777
53
24704
24704
24704
24704
24704
24704
24704
24704
24704
24704
24704
24704
24704
24704
24704
24704
24704
24704
12020
53
24704
24704
24704
24704
24704
24704
546
24704
24704
30962
53
24704
24704
24704
24704
24704
24704
546
42612
24704
53
2958
53
24704
24704
24704
24704
24704
24704
546
24704
24704
24704
24704
24704
24704
24704
24704
16309
53
24704
24704
24704
24704
24704
24704
24704
24704
24704
20456
53
21781
53
24704
24704
24704
24704
24704
24704
8365
18064
20323
53
53
53
36754
7990
50507
24704
53
9545
53
53
53
24704
24704
24704
24704
24704
24704
24704
24704
24704
9800
24704
24704
24704
24704
24704
24704
24704
24704
24704
24704
26756
24704
53
24704
53
24704
24704
24704
53922
8133
7097
53
16813
24704
24704
53
38304
24704
24704
24704
24704
24704
24704
24704
24704
37817
13677
24704
53
12973
53
53
53
24704
53
24704
24704
24704
24704
27506
53
61486
53
24704
24704
24704
24704
25811
24704
24704
53
53
24704
24704
24704
24704
546
24704
58587
53
24704
24704
24704
5353
5353
24704
24704
24704
24704
24704
24704
24704
546
24704
24704
24704
24704
24704
24704
24704
24704
546
24704
24704
546
24704
24704
24704
24704
24704
24704
24704
24704
24704
24704
24704
24704
24704
24704
24704
24704
24704
24704
24704
24704
24704
24704
24704
24704
24704
24704
24704
24704
24704
24704
24704
24704
24704
24704
24704
24704
24704
24704
24704
24704
24704
24704
24704
24704
24704
24704
24704
24704
24704
24704
24704
24704
24704
24704
24704
24704
24704
24704
24704
24704
24704
24704
24704
24704
24704
24704
24704
24704
24704
24704
24704
24704
24704
24704
24704
24704
24704
24704
24704
24704
24704
24704
24704
24704
24704
24704
24704
24704
24704
24704
24704
24704
24704
32974
53
24704
24704
24704
546
24704
24704
24704
24704
24704
24704
24704
24704
24704
24704
24704
24704
24704
24704
24704
24704
24704
24704
24704
24704
24704
24704
24704
24704
24704
24704
24704
24704
24704
24704
24704
24704
24704
24704
24704
24704
24704
5353
5353
5353
5353
5353
5353
5353
5353
5353
5353
5353
5353
5353
5353
5353
5353
5353
5353
5353
5353
5353
5353
5353
5353
5353
5353
5353
5353
5353
5353
5353
5353
5353
5353
5353
5353
5353
5353
5353
5353
5353
5353
5353
5353
5353
5353
5353
5353
5353
5353
5353
5353
5353
5353
5353
5353
24704
5353
5353
24704
5353
24704
24704
24704
24704
24704
24704
24704
24704
24704
24704
24704
24704
24704
24704
24704
24704
24704
24704
24704
24704
24704
24704
24704
24704
24704
24704
24704
24704
24704
24704
24704
24704
24704
24704
24704
24704
24704
24704
24704
24704
24704
24704
24704
24704
24704
24704
24704
24704
24704
24704
24704
24704
24704
24704
24704
546
24704
24704
24704
24704
24704
24704
24704
24704
546
24704
24704
24704
24704
24704
24704
24704
24704
24704
24704
24704
24704
24704
24704
24704
24704
24704
24704
5353
24704
24704
24704
24704
24704
24704
5353
24704
24704
24704
24704
24704
24704
24704
24704
24704
24704
24704
24704
24704
24704
24704
24704
546
24704
24704
24704
24704
24704
24704
24704
546
24704
24704
24704
24704
24704
24704
24704
24704
24704
24704
24704
24704
24704
24704
24704
24704
24704
24704
24704
24704
24704
24704
24704
24704
24704
24704
24704
24704
24704
24704
24704
24704
24704
24704
24704
24704
24704
24704
24704
24704
24704
55701
24704
24704
24704
24704
24704
55701
24704
24704
24704
24704
24704
24704
24704
24704
24704
24704
60483
24704
24704
24704
24704
24704
60483
24704
24704
24704
24704
24704
24704
24704
24704
24704
24704
24704
24704
24704
24704
24704
24704
24704
24704
24704
24704
24704
24704
24704
24704
24704
24704
24704
24704
24704
24704
24704
24704
24704
24704
24704
24704
24704
24704
3462
53
24704
24704
24704
24704
24704
24704
24704
24704
24704
24704
24704
24704
24704
24704
24704
1900
24704
1900
1900
1900
24704
24704
24704
6525
53
24704
24704
24704
24704
24704
24704
24704
24704
24704
24704
24704
24704
24704
24704
24704
24704
24704
24704
24704
24704
24704
24704
24704
24704
24704
24704
24704
24704
24704
24704
24704
24704
24704
24704
24704
24704
24704
24704
24704
24704
24704
24704
24704
24704
24704
24704
24704
24704
24704
24704
24704
50012
24704
24704
24704
24704
24704
50012
24704
24704
24704
24704
24704
24704
24704
24704
24704
24704
24704
24704
24704
24704
24704
24704
24704
24704
24704
24704
24704
24704
24704
24704
24704
24704
24704
24704
24704
24704
24704
24704
24704
24704
24704
24704
24704
24704
24704
24704
24704
24704
24704
24704
24704
24704
24704
24704
24704
24704
24704
24704
24704
24704
24704
24704
24704
24704
24704
24704
24704
24704
24704
24704
24704
24704
24704
24704
24704
24704
24704
24704
24704
24704
24704
24704
24704
24704
24704
24704
24704
24704
24704
24704
24704
24704
24704
24704
24704
24704
1900
24704
1900
1900
1900
24704
24704
24704
24704
24704
24704
24704
24704
24704
24704
24704
24704
24704
24704
24704
24704
24704
24704
24704
24704
24704
24704
24704
24704
24704
24704
24704
24704
24704
24704
24704
24704
24704
64289
24704
24704
24704
24704
24704
5353
64289
24704
24704
24704
24704
24704
24704
24704
24704
24704
24704
24704
24704
24704
24704
24704
24704
24704
24704
24704
24704
24704
24704
24704
24704
24704
24704
24704
24704
24704
24704
24704
24704
24704
24704
24704
24704
24704
24704
24704
24704
24704
24704
546
546
24704
24704
24704
24704
24704
24704
24704
24704
546
24704
24704
24704
24704
24704
24704
24704
24704
24704
24704
24704
24704
24704
24704
24704
24704
24704
24704
24704
24704
24704
24704
24704
24704
24704
24704
24704
24704
24704
24704
24704
24704
24704
24704
24704
24704
24704
24704
24704
24704
24704
24704
24704
24704
24704
24704
24704
24704
24704
24704
24704
24704
24704
24704
24704
24704
24704
24704
24704
24704
24704
1900
24704
1900
1900
1900
24704
24704
24704
24704
24704
24704
24704
24704
24704
24704
24704
61086
24704
24704
24704
24704
24704
61086
24704
24704
24704
24704
24704
24704
24704
24704
24704
24704
24704
24704
24704
24704
24704
24704
24704
24704
24704
24704
24704
24704
24704
24704
24704
546
24704
24704
24704
24704
24704
546
24704
24704
24704
24704
24704
24704
24704
24704
24704
24704
24704
24704
24704
24704
24704
24704
24704
24704
24704
24704
24704
24704
24704
24704
24704
24704
24704
24704
24704
24704
24704
24704
24704
24704
24704
24704
24704
24704
24704
24704
24704
24704
24704
24704
24704
24704
24704
24704
24704
24704
24704
24704
24704
24704
24704
24704
24704
24704
24704
24704
24704
29361
53
24704
24704
24704
24704
24704
24704
24704
24704
24704
24704
24704
24704
24704
24704
24704
24704
24704
24704
24704
24704
24704
24704
24704
24704
24704
24704
24704
24704
24704
24704
24704
24704
24704
24704
54051
24704
24704
24704
24704
546
24704
54051
24704
24704
24704
51062
7934
61162
53
53
24704
24704
24704
24704
24704
24704
24704
24704
24704
24704
14880
24704
53
24704
24704
5353
24704
24704
60861
24704
53
24704
24704
24704
24704
60861
12039
53
24704
24704
24704
24704
24704
24704
24704
24704
24704
24704
24704
24704
24704
24704
24704
24704
24704
24704
24704
24704
24704
546
24704
24704
24704
24704
24704
24704
24704
24704
24704
24704
24704
24704
24704
24704
24704
24704
24704
24704
24704
24704
24704
24704
24704
24704
24704
24704
24704
24704
24704
24704
24704
24704
24704
57175
24704
24704
24704
24704
24704
24704
57175
24704
24704
24704
24704
24704
24704
24704
24704
24704
24704
24704
24704
24704
59962
51336
24704
24704
24704
24704
24704
24704
24704
24704
24704
24704
24704
24704
24704
24704
24704
24704
24704
24704
24704
24704
24704
51336
59962
24704
24704
24704
24704
24704
24704
51490
24704
24704
24704
24704
24704
51490
24704
24704
24704
24704
24704
24704
24704
24704
24704
24704
24704
24704
24704
24704
24704
24704
24704
64432
24704
24704
24704
24704
24704
64432
24704
24704
24704
24704
24704
24704
24704
24704
24704
24704
24704
24704
24704
24704
24704
24704
24704
24704
24704
24704
24704
24704
24704
24704
24704
546
24704
24704
22915
42970
53
53
59263
39114
43761
52499
29312
35981
53
24704
53
53
53
24704
53
53
24704
24704
24704
24704
24704
24704
55818
53
24704
24704
24704
24704
24704
24704
24704
24704
24704
24704
24704
24704
24704
24704
24704
24704
24704
24704
24704
24704
24704
24704
24704
52164
53
24704
2161
24704
24704
53
24704
24704
24704
10742
25293
52512
53
63093
53
36145
24704
53
2604
53
13911
53
53127
3270
53
39104
53
15607
53
31775
53
46840
24704
53
12194
53
15862
53
16467
53
56151
53
57387
53
53
26034
24704
53
53
24704
53
24704
24704
24704
44681
53
24704
24704
24704
24704
24704
24704
24704
23049
24704
53
24704
2828
24704
24704
53
24704
24704
24704
25486
53
24704
24704
12469
27766
24704
53
53
62683
21869
34968
53
24704
53
24704
53
24704
24704
24704
24704
24704
24704
24704
24704
24704
24704
24704
24704
49277
24704
24704
24704
58532
58532
24704
24704
49277
45920
53
24704
24704
24704
24704
24704
24704
32700
53
24704
32850
49862
29309
53
53
53
23127
24704
53
24704
24704
24704
24704
24704
24704
24704
24704
24704
24704
24704
24704
24704
24704
24704
24704
24704
24704
24704
546
24704
24704
24704
24704
24704
24704
24704
24704
24704
23710
24704
24704
22508
53
24704
53
24704
24704
24704
24704
24704
24704
2961
24427
16318
53
24704
50068
51210
52025
24704
61909
53
24704
24704
53
24704
24704
62550
61092
53
24704
24704
53
24704
42684
53
24704
24704
24704
16967
53
24704
24704
24704
24704
24704
24704
24704
3122
53
24704
24704
24704
43811
53
24704
24704
24704
24704
24704
24704
24704
24704
24704
9434
53
24704
546
24704
24704
24704
24704
24704
17207
13319
61326
24704
53
53
53
24704
27452
53
24704
24704
15494
53
24704
24704
24704
24704
24704
24704
24704
24704
24704
20745
53
24704
24704
24704
24704
24704
24704
7527
53
24704
24704
24704
24704
24704
24704
24704
24704
39023
53
24704
24704
24704
24704
24704
51084
53
24704
24704
24704
24704
546
24704
37424
53
24704
24704
24704
24704
63958
24704
47666
56617
42173
53
53
34020
10906
53
2026
53
34475
53
17107
24704
53
32595
53
53
53
24704
24704
24704
63958
24704
37398
53
24704
24704
17401
53
24704
24704
24704
24704
24704
24704
24704
24704
24704
24704
24704
24704
24704
24704
24704
24704
24704
58532
58532
24704
24704
24704
24704
24704
24704
24704
35281
53
24704
24704
24704
24704
24704
24704
24704
24704
24704
24704
24704
24704
24704
24704
24704
24704
24704
24704
24704
24704
24704
24704
546
24704
24704
24704
24704
24704
24704
24704
57250
24704
24704
24704
24704
24704
57250
24704
24704
24704
24704
24704
24704
24704
24704
24704
24704
24704
24704
24704
24704
24704
24704
24704
24704
24704
24704
24704
24704
24704
24704
24704
24704
24704
24704
24704
24704
24704
24704
24704
24704
24704
24704
24704
24704
24704
24704
24704
24704
24704
24704
24704
24704
24704
24704
24704
24704
24704
24704
24704
24704
24704
24704
24704
24704
24704
24704
24704
24704
62409
24704
24704
24704
24704
24704
62409
24704
24704
24704
24704
24704
24704
24704
24704
24704
24704
24704
24704
24704
5353
24704
24704
24704
24704
24704
24704
24704
24704
24704
24704
24704
24704
24704
24704
24704
24704
24704
24704
24704
24704
24704
24704
24704
24704
24704
24704
24704
24704
24704
58532
58532
24704
24704
24704
24704
24704
24704
24704
24704
24704
24704
24704
24704
24704
24704
24704
24704
24704
24704
24704
24704
24704
24704
24704
24704
24704
24704
24704
24704
24704
24704
546
24704
24704
24704
24704
24704
24704
24704
546
24704
24704
24704
24704
24704
24704
24704
24704
24704
24704
24704
24704
24704
24704
24704
24704
24704
24704
24704
24704
24704
24704
24704
24704
24704
24704
24704
24704
24704
24704
24704
24704
24704
24704
24704
24704
24704
24704
24704
24704
24704
24704
24704
546
24704
61761
24704
24704
24704
24704
24704
61761
24704
24704
24704
24704
24704
24704
24704
24704
24704
24704
24704
24704
24704
24704
24704
24704
24704
24704
24704
24704
24704
24704
24704
24704
24704
24704
24704
24704
24704
24704
24704
24704
24704
24704
51574
57870
61773
62807
24704
24704
24704
24704
24704
24704
24704
24704
24704
24704
24704
24704
24704
24704
24704
24704
24704
24704
24704
24704
51574
57870
24704
61773
62807
24704
24704
24704
24704
24704
24704
24704
24704
24704
24704
24704
24704
24704
24704
24704
24704
24704
24704
24704
24704
24704
24704
24704
24704
24704
24704
24704
24704
24704
24704
24704
24704
24704
24704
24704
24704
24704
24704
24704
24704
24704
24704
24704
24704
24704
24704
24704
24704
24704
24704
24704
24704
24704
24704
24704
24704
24704
24704
24704
24704
24704
24704
24704
24704
24704
24704
24704
24704
24704
63026
24704
24704
24704
24704
24704
63026
24704
24704
24704
24704
5353
24704
5353
24704
24704
24704
24704
24704
24704
24704
24704
24704
24704
24704
5353
24704
24704
24704
24704
24704
24704
24704
24704
24704
24704
24704
24704
24704
5353
24704
24704
24704
24704
24704
24704
24704
24704
24704
24704
5353
24704
24704
24704
24704
24704
24704
24704
24704
24704
24704
24704
24704
24704
24704
24704
24704
24704
24704
24704
24704
24704
24704
5353
24704
24704
24704
24704
24704
24704
24704
24704
24704
24704
24704
24704
24704
24704
24704
24704
24704
24704
24704
24704
24704
24704
24704
24704
24704
24704
24704
24704
24704
24704
24704
24704
24704
24704
5353
24704
24704
24704
24704
24704
24704
24704
24704
24704
24704
24704
24704
24704
24704
5353
24704
24704
24704
24704
24704
5353
24704
24704
24704
24704
24704
24704
24704
24704
24704
50804
24704
24704
33864
53
24704
24704
24704
50804
24704
24704
24704
24704
24704
24704
24704
24704
24704
24704
24704
24704
24704
63246
24704
24704
24704
24704
24704
63246
24704
24704
24704
24704
24704
24704
24704
24704
24704
24704
24704
24704
24704
24704
24704
24704
24704
24704
24704
24704
24704
24704
5353
24704
24704
24704
24704
24704
24704
24704
24704
24704
24704
24704
24704
24704
24704
24704
24704
24704
24704
24704
24704
24704
24704
24704
24704
24704
24704
24704
24704
24704
24704
24704
24704
24704
24704
5353
24704
24704
24704
24704
24704
24704
24704
24704
24704
24704
24704
24704
24704
38395
53
24704
24704
24704
24704
24704
24704
24704
5035
44080
53
53
24704
24704
24704
24704
24704
24704
24704
24704
24704
24704
24704
24704
24704
24704
24704
24704
24704
24704
24704
61793
24704
24704
24704
24704
24704
61793
24704
24704
24704
24704
24704
24704
50813
24704
24704
24704
57247
24704
24704
50813
24704
24704
24704
57247
24704
24704
24704
24704
24704
546
51337
52153
53
53
24704
24704
24704
62327
24704
24704
24704
24704
24704
62327
24704
24704
24704
24704
24704
24704
546
45729
53
24704
24704
63482
53
24704
24704
24704
24704
61524
24704
53
24704
24704
24704
6904
24704
53
24704
24704
24704
24704
24704
24704
24704
24704
24704
24704
24704
24704
24704
24704
24704
24704
24704
24704
24704
24704
24704
24704
24704
24704
24704
24704
24704
24704
24704
546
24704
24704
24704
24704
24704
24704
24704
24704
24704
24704
546
24704
24704
24704
24704
24704
24704
24704
24704
24704
46540
53
24704
24704
24704
24704
24704
24704
24704
24704
24704
24704
24704
24704
24704
24704
24704
24704
24704
24704
24704
24704
24704
24704
24704
24704
24704
24704
24704
24704
24704
24704
24704
24704
24704
24704
24704
9003
53
24704
24704
24704
24704
24704
24704
24704
56109
24704
24704
24704
24704
24704
56109
2857
24704
53
24704
24704
24704
24704
24704
24704
24704
24704
24704
24704
45413
53
57671
24704
24704
24704
24704
24704
57671
24704
24704
24704
24704
24704
6844
53
24704
24704
24704
24704
24704
24704
24704
24704
24704
24704
9064
24704
42936
24704
24704
24704
53
24704
24704
24704
24704
24704
24704
53
24704
24704
24704
24704
546
24704
24704
24704
24704
24704
24704
24704
24704
24704
24704
24704
24704
24704
24704
24704
8281
24704
24704
24704
24704
24704
24704
24704
24704
53
24704
24704
24704
24704
24704
24704
24704
24704
24704
24704
24704
24704
24704
24704
24704
24704
24704
24704
24704
24704
24704
24704
24704
24704
24704
24704
24704
24704
24704
24704
24704
24704
24704
24704
24704
24704
24704
24704
24704
24704
24704
24704
24704
24704
8468
45016
44501
53
53
53
48582
53
45561
24704
51810
51330
53
52586
53
45090
53
24704
24704
24704
24704
24704
24704
53
24704
53
24704
24704
24704
24704
52805
24704
24704
24704
24704
24704
52805
24704
24704
24704
24704
24704
24704
25342
53
24704
24704
24704
62225
24704
24704
24704
24704
24704
62225
24704
24704
24704
24704
24704
24704
24704
24704
24704
48701
24704
53
24704
24704
24704
24704
24704
24704
24704
24704
24704
49205
24704
24704
24704
24704
24704
19567
53
24704
24704
24704
24704
39276
53
24704
24704
24704
24704
24704
24704
24704
24704
24704
24704
24704
24704
24704
24704
24704
24704
24704
24704
24704
24704
24704
24704
24704
27576
53
24704
24704
24704
24704
24704
14340
24704
24704
24704
53
24704
24704
24704
24704
24704
24704
24704
24704
24704
24704
24704
24704
24704
24704
24704
24704
24704
24704
24704
24704
24704
24704
24704
24704
24704
24704
24704
546
24704
24704
24704
24704
24704
24704
24704
24704
24704
19704
53
24704
24704
24704
24704
24704
24704
24704
546
24704
24704
24704
24704
24704
50625
54944
16807
24704
53
53
42492
52615
53
53
21325
53
24704
58047
24704
53
24704
24704
24704
24704
58047
24704
24704
61846
53
24704
24704
24704
24704
24704
24704
62036
53
24704
24704
24704
24704
24704
24704
24704
24704
24704
24704
24704
24704
24704
24704
24704
24704
24704
6028
53
24704
24704
24704
45507
53
24704
24704
24704
24704
24704
24704
24704
24704
24704
5353
24704
24704
24704
24704
24704
24704
24704
24704
24704
24704
24704
33455
53
24704
24704
40681
53
24704
24704
24704
24704
24704
49205
24704
24704
10696
53
24704
24704
24704
24704
24704
24704
24704
24704
24704
24704
24704
24704
24704
24704
24704
24704
24704
24704
24704
24704
24704
24704
24704
24704
24704
24704
57619
53
24704
24704
24704
24704
24704
24704
546
24704
24704
24704
24704
8282
56947
33768
53
17622
53
53
31773
59053
53
53
24704
24704
53
24704
24704
24704
24704
24704
24704
24704
24704
24704
24704
59308
53
24704
24704
53878
24704
24704
24704
24704
53
24704
24704
24704
24704
24704
24704
24704
24704
5501
24704
24704
53
24704
24704
24704
51193
24704
24704
24704
24704
24704
51193
24704
24704
24704
24704
24704
24704
24704
24704
24704
24704
56140
24704
24704
24704
24704
24704
24704
24704
24704
24704
53
24704
24704
24704
24704
24704
24704
24704
24704
24704
24704
24704
24704
24704
24704
24704
24704
24704
24704
24704
24704
24704
24704
24704
31747
53
24704
24704
24704
24704
24704
24704
24704
24704
24704
24704
24704
24704
24704
24704
24704
24704
24704
24704
24704
24704
24704
24704
24704
24704
24704
24704
24704
24704
24704
24704
24704
24704
60398
53
24704
24704
49205
24704
51510
24704
24704
24704
24704
24704
51510
24704
24704
24704
24704
31182
53
24704
24704
24704
24704
24704
24704
24704
24704
24704
24704
24704
24704
24704
24704
24704
24704
24704
24704
24704
24704
24704
546
24704
24704
9108
24704
24704
50169
53
24704
24704
24704
24704
24704
24704
24704
53
24704
24704
24704
24704
24704
51509
24704
58822
24704
24704
24704
24704
51509
24704
24704
24704
24704
24704
24704
24704
53
24704
24704
20171
53
24704
27076
53
24704
24704
24704
24704
24704
24704
24704
24704
24704
24704
24704
24704
24704
24704
24704
24704
24704
24704
24704
546
24704
24704
546
24704
24704
24704
24704
24704
24704
24704
24704
24704
24704
24704
24704
24704
24704
24704
24704
24704
24704
24704
24704
24704
24704
24704
24704
29742
24704
24704
41881
53
24704
24704
24704
24704
53
24704
24704
24704
24704
24704
24704
24704
24704
24704
24704
24704
24704
24704
24704
24704
24704
24704
24704
24704
24704
24704
24704
24704
24704
24704
24704
24704
24704
24704
24704
24704
24704
24704
24704
24704
24704
24704
24704
24704
24704
24704
24704
24704
24704
24704
24704
24704
24704
24704
24704
24704
24704
24704
24704
32560
53
24704
24704
24704
24704
10586
10885
24704
24704
24704
24704
54316
24704
24704
24704
24704
24704
53
54316
24704
546
24704
24704
546
24704
24704
24704
24704
53
24704
24704
34449
12983
49515
53
53
53
24704
24704
24704
24704
24704
24704
24704
24704
24704
24704
13766
24704
24704
53
24704
24704
24704
24704
24704
24704
24704
24704
24704
24704
24704
24704
24704
24704
24704
24704
24704
546
24704
24704
24704
24704
24704
24704
24704
24704
24704
24704
24704
24704
24704
24704
24704
35079
53
24704
24704
24704
24704
24704
24704
24704
24704
24704
24704
24704
24704
24704
24704
24704
24704
24704
24704
24704
24704
24704
24704
24704
24704
24704
24704
24704
24704
24704
24704
24704
24704
24704
24704
24704
24704
24704
24704
24704
24704
24704
24704
24704
24704
24704
24704
24704
24704
24704
24704
24704
24704
24704
36616
36638
61806
24704
53
47643
24704
53
39617
24704
24704
24704
24704
24704
24704
24704
53
53
24704
21437
40650
24704
24704
24704
24704
24704
24704
24704
24704
59162
24704
53
5881
53
61499
24704
24704
53
24704
24704
3040
59162
24704
24704
24704
24704
24704
53
32374
24704
24704
24704
53
43782
53
24704
41338
53
11585
24704
24704
24704
24704
53
56467
60136
57143
24704
53
39054
24704
53
3193
53
55328
53
32155
24704
24704
24704
24704
24704
24704
53
26644
24704
24704
24704
24704
24704
24704
24704
24704
53
39245
24704
24704
24704
24704
53
5993
1785
53
57143
56467
24704
24704
49702
53
53
52277
24704
24704
53
59987
24704
24704
24704
24704
53
37513
24704
24704
24704
24704
53
24704
24704
24704
53
24704
24704
24704
24704
24704
24704
24704
24704
24704
14632
53
24704
24704
24704
24704
24704
53
24704
24704
24704
24704
24704
24704
24704
24704
24704
24704
546
24704
24704
24704
24704
24704
24704
24704
24704
24704
24704
24704
24704
24704
24704
24704
24704
24704
24704
24704
24704
24704
24704
24704
24704
24704
24704
24704
24704
24704
24704
24704
24704
24704
12761
24704
24704
24704
24704
24704
24704
24704
24704
24704
24704
24704
53
24704
24704
24704
24704
24704
24704
24704
24704
24704
12398
53
24704
24704
24704
24704
24704
3073
53
24704
24704
24704
24704
24704
24704
46547
53
24704
29325
24704
24704
53
24704
24704
24704
24704
64360
11649
53
53
24704
24704
24704
24704
24704
24704
24704
24704
24704
24704
24704
23454
53
24704
24704
24704
24704
24704
5789
24704
24704
53
24704
24704
24704
24704
24704
546
24704
24704
24704
24704
24704
24704
24704
24704
24704
24704
24704
24704
24704
24704
24704
24704
24704
24704
24704
24704
24704
24704
24704
24704
24704
24704
24704
24704
49948
24704
53
24781
53
39979
53
59675
24704
24704
24704
53
24704
24704
24704
24704
24704
24704
24704
24704
24704
24704
5353
24704
24704
5353
5353
24704
5353
5353
24704
5353
5353
24704
24704
5353
24704
24704
546
24704
24704
24704
24704
51373
24704
53
24704
24704
24704
24704
64324
53
24704
24704
24704
24704
24704
24704
24704
24704
24704
24704
24704
24704
24704
24704
24704
24704
24704
24704
24704
24704
24704
24704
24704
24704
24704
24704
24704
24704
24704
24704
24704
24704
24704
24704
5353
546
6236
53
24704
24704
24704
24704
24704
24704
24704
546
24704
24704
24704
24704
24704
24704
24704
24704
24704
24704
24704
24704
24704
24704
24704
24704
24704
24704
24704
63409
53
24704
24704
24704
24704
24704
24704
24704
24704
24704
24704
24704
24704
42707
53
24704
24704
24704
24704
24704
24704
24704
24704
24704
24704
24704
24704
24704
24704
24704
24704
24704
24704
24704
546
24704
24704
24704
24704
24704
24704
24704
24704
12978
64224
53
24704
24704
24704
53
24704
24704
24704
24704
24704
24704
24704
24704
24704
24704
24704
24704
24704
24704
24704
24704
24704
24704
24704
24704
24704
24704
24704
24704
24704
24704
24704
24704
24704
24704
24704
24704
5353
24704
24704
24704
24704
31521
53
24704
24704
24704
24704
24704
24704
24704
24704
24704
24704
24704
24704
24704
24704
24704
24704
24704
24704
24704
24704
24704
24704
24704
24704
24704
24704
24704
24704
24704
24704
24704
24704
5353
546
24704
24704
24704
24704
24704
24704
24704
24704
24704
24704
24704
24704
24704
24704
24704
24704
24704
24704
24704
24704
24704
24704
24704
24704
24704
24704
24704
24704
24704
24704
24704
24704
24704
24704
24704
24704
24704
24704
24704
24704
24704
24704
24704
7382
53
24704
24704
24704
46723
53
24704
24704
24704
61923
24704
53
546
24704
24704
24704
24704
24704
62618
24704
13559
53
24704
53
24704
24704
24704
24704
24704
24704
24704
24704
24704
24704
24704
24704
24704
24704
24704
24704
24704
24704
24704
24704
546
24704
24704
24704
24704
24704
24704
24704
24704
24704
24704
24704
24704
24704
24704
24704
24704
24704
24704
24704
546
24704
29095
24704
53
24704
24704
24704
24704
24704
24704
24704
24704
24704
24704
24704
24704
24704
24704
24704
24704
24704
24704
24704
24704
24704
24704
24704
546
24704
24704
24704
24704
24704
24704
24704
24704
24704
24704
24704
24704
24704
24704
24704
24704
24704
24704
24704
24704
24704
24704
18631
53
24704
24704
24704
546
24704
24704
24704
24704
546
24704
24704
24704
24704
24704
24704
24704
24704
24704
24704
24704
24704
24704
24704
5353
24704
24704
24704
48494
64449
13139
54066
53
53
53
53
24704
57526
53
24704
24704
40344
53
24704
24704
24704
24704
24704
24704
24704
24704
24704
24704
24704
24704
24704
24704
24704
24704
53638
53
24704
24704
24704
24704
24704
24704
24704
24704
24704
24704
24704
24704
24704
24704
24704
24704
24704
24704
24704
24704
24704
24704
24704
24704
24704
24704
24704
24704
24704
24704
24704
24704
24704
24704
24704
24704
24704
24704
24704
24704
24704
24704
24704
24704
24704
24704
24704
24704
24704
24704
24704
24704
24704
24704
24704
24704
24704
24704
24704
24704
58652
53
24704
546
24704
24704
24704
24704
24704
24704
24704
24704
24704
24704
24704
24704
24704
24704
24704
24704
24704
24704
24704
24704
24704
24704
24704
24704
24704
24704
546
24704
24704
24704
24704
24704
24704
24704
546
24704
24704
24704
24704
24704
24704
24704
24704
24704
24704
24704
24704
24704
24704
24704
24704
24704
24704
24704
24704
24704
24704
24704
24704
24704
24704
24704
24704
24704
24704
24704
24704
24704
24704
24704
24704
24704
24704
24704
24704
24704
24704
24704
546
24704
24704
24704
24704
24704
24704
24704
24704
24704
24704
24704
24704
57952
47875
24704
53
53
24704
24704
24704
24704
24704
24704
24704
24704
24704
24704
24704
53
24704
24704
24704
546
24704
24704
24704
24704
24704
24704
24704
24704
24704
24704
24704
24704
24704
24704
24704
24704
24704
24704
24704
24704
24704
24704
24704
24704
24704
24704
24704
24704
24704
24704
24704
24704
24704
24704
24704
24704
24704
24704
24704
24704
24704
24704
24704
24704
24704
24704
24704
24704
24704
24704
24704
546
24704
24704
24704
24704
24704
24704
24704
24704
24704
24704
24704
24704
24704
24704
24704
24704
24704
24704
24704
24704
24704
24704
546
24704
24704
24704
24704
24704
24704
24704
24704
15891
53
