64 0.00169205
67 0.00338409
67 0.00507614
67 0.00676819
67 0.00846024
68 0.0101523
69 0.0118443
69 0.0135364
69 0.0152284
69 0.0169205
70 0.0186125
70 0.0203046
70 0.0219966
70 0.0236887
70 0.0253807
70 0.0270728
70 0.0287648
70 0.0304569
70 0.0321489
70 0.0338409
70 0.035533
70 0.037225
70 0.0389171
70 0.0406091
70 0.0423012
71 0.0439932
71 0.0456853
71 0.0473773
71 0.0490694
71 0.0507614
71 0.0524535
71 0.0541455
71 0.0558376
71 0.0575296
71 0.0592217
71 0.0609137
71 0.0626058
71 0.0642978
71 0.0659898
71 0.0676819
71 0.0693739
71 0.071066
71 0.072758
71 0.0744501
71 0.0761421
71 0.0778342
71 0.0795262
71 0.0812183
71 0.0829103
71 0.0846024
71 0.0862944
71 0.0879865
72 0.0896785
72 0.0913706
72 0.0930626
72 0.0947547
72 0.0964467
72 0.0981387
72 0.0998308
72 0.101523
72 0.103215
72 0.104907
72 0.106599
72 0.108291
72 0.109983
72 0.111675
72 0.113367
72 0.115059
72 0.116751
72 0.118443
72 0.120135
72 0.121827
72 0.123519
72 0.125212
72 0.126904
72 0.128596
73 0.130288
73 0.13198
73 0.133672
73 0.135364
73 0.137056
73 0.138748
73 0.14044
73 0.142132
73 0.143824
73 0.145516
73 0.147208
73 0.1489
73 0.150592
73 0.152284
73 0.153976
73 0.155668
73 0.15736
73 0.159052
73 0.160745
73 0.162437
73 0.164129
73 0.165821
73 0.167513
73 0.169205
73 0.170897
73 0.172589
73 0.174281
73 0.175973
73 0.177665
73 0.179357
73 0.181049
73 0.182741
73 0.184433
73 0.186125
73 0.187817
73 0.189509
73 0.191201
73 0.192893
73 0.194585
74 0.196277
74 0.19797
74 0.199662
74 0.201354
74 0.203046
74 0.204738
74 0.20643
74 0.208122
74 0.209814
74 0.211506
74 0.213198
74 0.21489
74 0.216582
74 0.218274
74 0.219966
74 0.221658
74 0.22335
74 0.225042
74 0.226734
74 0.228426
74 0.230118
74 0.23181
74 0.233503
74 0.235195
74 0.236887
74 0.238579
74 0.240271
74 0.241963
74 0.243655
74 0.245347
74 0.247039
74 0.248731
74 0.250423
74 0.252115
74 0.253807
74 0.255499
74 0.257191
75 0.258883
75 0.260575
75 0.262267
75 0.263959
75 0.265651
75 0.267343
75 0.269036
75 0.270728
75 0.27242
75 0.274112
75 0.275804
75 0.277496
75 0.279188
75 0.28088
75 0.282572
75 0.284264
75 0.285956
75 0.287648
75 0.28934
75 0.291032
75 0.292724
75 0.294416
75 0.296108
75 0.2978
75 0.299492
75 0.301184
75 0.302876
75 0.304569
75 0.306261
75 0.307953
75 0.309645
75 0.311337
75 0.313029
75 0.314721
75 0.316413
75 0.318105
75 0.319797
75 0.321489
75 0.323181
75 0.324873
75 0.326565
75 0.328257
75 0.329949
75 0.331641
75 0.333333
75 0.335025
75 0.336717
75 0.338409
75 0.340102
76 0.341794
76 0.343486
76 0.345178
76 0.34687
76 0.348562
76 0.350254
76 0.351946
76 0.353638
76 0.35533
76 0.357022
76 0.358714
76 0.360406
76 0.362098
76 0.36379
76 0.365482
76 0.367174
76 0.368866
76 0.370558
76 0.37225
76 0.373942
76 0.375635
76 0.377327
76 0.379019
76 0.380711
76 0.382403
76 0.384095
76 0.385787
76 0.387479
76 0.389171
76 0.390863
76 0.392555
76 0.394247
76 0.395939
76 0.397631
76 0.399323
76 0.401015
76 0.402707
76 0.404399
76 0.406091
76 0.407783
76 0.409475
76 0.411168
76 0.41286
76 0.414552
76 0.416244
76 0.417936
76 0.419628
76 0.42132
76 0.423012
76 0.424704
76 0.426396
76 0.428088
76 0.42978
76 0.431472
76 0.433164
76 0.434856
76 0.436548
76 0.43824
76 0.439932
76 0.441624
76 0.443316
76 0.445008
76 0.446701
76 0.448393
76 0.450085
76 0.451777
76 0.453469
76 0.455161
76 0.456853
76 0.458545
76 0.460237
76 0.461929
76 0.463621
76 0.465313
76 0.467005
76 0.468697
76 0.470389
76 0.472081
76 0.473773
76 0.475465
76 0.477157
77 0.478849
77 0.480541
77 0.482234
77 0.483926
77 0.485618
77 0.48731
77 0.489002
77 0.490694
77 0.492386
77 0.494078
77 0.49577
77 0.497462
77 0.499154
77 0.500846
77 0.502538
77 0.50423
77 0.505922
77 0.507614
77 0.509306
77 0.510998
77 0.51269
77 0.514382
77 0.516074
77 0.517766
77 0.519459
77 0.521151
77 0.522843
77 0.524535
77 0.526227
77 0.527919
77 0.529611
77 0.531303
78 0.532995
78 0.534687
78 0.536379
78 0.538071
78 0.539763
78 0.541455
78 0.543147
78 0.544839
78 0.546531
78 0.548223
78 0.549915
78 0.551607
78 0.553299
78 0.554992
78 0.556684
78 0.558376
78 0.560068
78 0.56176
78 0.563452
78 0.565144
78 0.566836
78 0.568528
78 0.57022
78 0.571912
78 0.573604
78 0.575296
78 0.576988
78 0.57868
78 0.580372
78 0.582064
78 0.583756
78 0.585448
78 0.58714
78 0.588832
78 0.590525
79 0.592217
79 0.593909
79 0.595601
79 0.597293
79 0.598985
79 0.600677
79 0.602369
79 0.604061
79 0.605753
79 0.607445
79 0.609137
79 0.610829
79 0.612521
79 0.614213
79 0.615905
79 0.617597
79 0.619289
79 0.620981
79 0.622673
79 0.624365
79 0.626058
79 0.62775
79 0.629442
79 0.631134
79 0.632826
79 0.634518
79 0.63621
79 0.637902
79 0.639594
79 0.641286
79 0.642978
79 0.64467
79 0.646362
79 0.648054
79 0.649746
79 0.651438
79 0.65313
79 0.654822
80 0.656514
80 0.658206
80 0.659898
80 0.661591
80 0.663283
80 0.664975
80 0.666667
80 0.668359
80 0.670051
80 0.671743
80 0.673435
80 0.675127
80 0.676819
80 0.678511
80 0.680203
80 0.681895
80 0.683587
80 0.685279
80 0.686971
80 0.688663
80 0.690355
80 0.692047
80 0.693739
80 0.695431
80 0.697124
80 0.698816
80 0.700508
80 0.7022
80 0.703892
80 0.705584
80 0.707276
80 0.708968
80 0.71066
81 0.712352
81 0.714044
81 0.715736
81 0.717428
81 0.71912
81 0.720812
81 0.722504
81 0.724196
81 0.725888
81 0.72758
81 0.729272
81 0.730964
81 0.732657
81 0.734349
81 0.736041
81 0.737733
81 0.739425
81 0.741117
81 0.742809
81 0.744501
81 0.746193
81 0.747885
81 0.749577
81 0.751269
81 0.752961
81 0.754653
81 0.756345
82 0.758037
82 0.759729
82 0.761421
82 0.763113
82 0.764805
82 0.766497
82 0.76819
82 0.769882
82 0.771574
82 0.773266
82 0.774958
82 0.77665
82 0.778342
82 0.780034
82 0.781726
82 0.783418
82 0.78511
83 0.786802
83 0.788494
83 0.790186
83 0.791878
83 0.79357
83 0.795262
83 0.796954
83 0.798646
83 0.800338
83 0.80203
83 0.803723
83 0.805415
83 0.807107
83 0.808799
83 0.810491
83 0.812183
83 0.813875
83 0.815567
83 0.817259
83 0.818951
84 0.820643
84 0.822335
84 0.824027
84 0.825719
84 0.827411
84 0.829103
84 0.830795
84 0.832487
84 0.834179
84 0.835871
84 0.837563
84 0.839255
84 0.840948
84 0.84264
84 0.844332
84 0.846024
84 0.847716
84 0.849408
84 0.8511
84 0.852792
84 0.854484
84 0.856176
84 0.857868
84 0.85956
85 0.861252
85 0.862944
85 0.864636
85 0.866328
85 0.86802
85 0.869712
85 0.871404
85 0.873096
85 0.874788
85 0.876481
85 0.878173
85 0.879865
85 0.881557
85 0.883249
85 0.884941
85 0.886633
85 0.888325
85 0.890017
85 0.891709
85 0.893401
85 0.895093
85 0.896785
86 0.898477
86 0.900169
86 0.901861
86 0.903553
86 0.905245
86 0.906937
86 0.908629
86 0.910321
86 0.912014
87 0.913706
87 0.915398
87 0.91709
87 0.918782
87 0.920474
87 0.922166
87 0.923858
87 0.92555
88 0.927242
88 0.928934
88 0.930626
88 0.932318
88 0.93401
88 0.935702
89 0.937394
89 0.939086
89 0.940778
89 0.94247
89 0.944162
89 0.945854
89 0.947547
90 0.949239
90 0.950931
90 0.952623
90 0.954315
90 0.956007
90 0.957699
90 0.959391
91 0.961083
91 0.962775
91 0.964467
91 0.966159
91 0.967851
92 0.969543
92 0.971235
92 0.972927
92 0.974619
93 0.976311
93 0.978003
93 0.979695
94 0.981387
94 0.98308
95 0.984772
96 0.986464
96 0.988156
96 0.989848
97 0.99154
106 0.993232
125 0.994924
125 0.996616
132 0.998308
132 1
