83 0.00168919
84 0.00337838
85 0.00506757
85 0.00675676
86 0.00844595
86 0.0101351
86 0.0118243
86 0.0135135
86 0.0152027
86 0.0168919
86 0.0185811
86 0.0202703
86 0.0219595
87 0.0236486
87 0.0253378
87 0.027027
87 0.0287162
87 0.0304054
87 0.0320946
88 0.0337838
88 0.035473
88 0.0371622
88 0.0388514
88 0.0405405
88 0.0422297
88 0.0439189
89 0.0456081
89 0.0472973
89 0.0489865
89 0.0506757
89 0.0523649
89 0.0540541
89 0.0557432
89 0.0574324
89 0.0591216
89 0.0608108
89 0.0625
89 0.0641892
89 0.0658784
89 0.0675676
89 0.0692568
89 0.0709459
89 0.0726351
89 0.0743243
90 0.0760135
90 0.0777027
90 0.0793919
90 0.0810811
90 0.0827703
90 0.0844595
90 0.0861486
90 0.0878378
90 0.089527
90 0.0912162
91 0.0929054
91 0.0945946
91 0.0962838
91 0.097973
91 0.0996622
91 0.101351
91 0.103041
91 0.10473
92 0.106419
92 0.108108
92 0.109797
92 0.111486
92 0.113176
92 0.114865
92 0.116554
92 0.118243
92 0.119932
92 0.121622
92 0.123311
92 0.125
92 0.126689
92 0.128378
92 0.130068
92 0.131757
92 0.133446
92 0.135135
92 0.136824
92 0.138514
92 0.140203
92 0.141892
92 0.143581
92 0.14527
92 0.146959
92 0.148649
92 0.150338
92 0.152027
92 0.153716
92 0.155405
92 0.157095
92 0.158784
92 0.160473
92 0.162162
92 0.163851
92 0.165541
92 0.16723
92 0.168919
92 0.170608
92 0.172297
92 0.173986
92 0.175676
92 0.177365
92 0.179054
92 0.180743
92 0.182432
93 0.184122
93 0.185811
93 0.1875
93 0.189189
93 0.190878
93 0.192568
93 0.194257
93 0.195946
93 0.197635
93 0.199324
94 0.201014
94 0.202703
94 0.204392
94 0.206081
94 0.20777
94 0.209459
94 0.211149
94 0.212838
94 0.214527
95 0.216216
95 0.217905
95 0.219595
95 0.221284
95 0.222973
95 0.224662
95 0.226351
95 0.228041
95 0.22973
95 0.231419
95 0.233108
96 0.234797
96 0.236486
96 0.238176
96 0.239865
96 0.241554
96 0.243243
97 0.244932
97 0.246622
97 0.248311
97 0.25
97 0.251689
97 0.253378
97 0.255068
97 0.256757
98 0.258446
98 0.260135
98 0.261824
98 0.263514
98 0.265203
98 0.266892
98 0.268581
99 0.27027
99 0.271959
99 0.273649
99 0.275338
99 0.277027
99 0.278716
99 0.280405
99 0.282095
100 0.283784
100 0.285473
101 0.287162
101 0.288851
101 0.290541
101 0.29223
102 0.293919
102 0.295608
102 0.297297
103 0.298986
103 0.300676
103 0.302365
104 0.304054
104 0.305743
104 0.307432
105 0.309122
105 0.310811
105 0.3125
105 0.314189
105 0.315878
105 0.317568
105 0.319257
105 0.320946
106 0.322635
106 0.324324
106 0.326014
107 0.327703
108 0.329392
108 0.331081
108 0.33277
108 0.334459
108 0.336149
108 0.337838
108 0.339527
108 0.341216
109 0.342905
109 0.344595
109 0.346284
109 0.347973
110 0.349662
110 0.351351
110 0.353041
110 0.35473
110 0.356419
110 0.358108
110 0.359797
111 0.361486
111 0.363176
111 0.364865
111 0.366554
111 0.368243
112 0.369932
112 0.371622
112 0.373311
112 0.375
112 0.376689
113 0.378378
113 0.380068
113 0.381757
114 0.383446
115 0.385135
115 0.386824
116 0.388514
116 0.390203
116 0.391892
116 0.393581
117 0.39527
117 0.396959
118 0.398649
118 0.400338
120 0.402027
120 0.403716
120 0.405405
120 0.407095
120 0.408784
121 0.410473
121 0.412162
121 0.413851
121 0.415541
121 0.41723
121 0.418919
122 0.420608
123 0.422297
123 0.423986
123 0.425676
124 0.427365
126 0.429054
126 0.430743
126 0.432432
127 0.434122
127 0.435811
127 0.4375
127 0.439189
127 0.440878
127 0.442568
127 0.444257
127 0.445946
128 0.447635
128 0.449324
128 0.451014
128 0.452703
128 0.454392
128 0.456081
128 0.45777
129 0.459459
129 0.461149
129 0.462838
129 0.464527
129 0.466216
129 0.467905
129 0.469595
129 0.471284
130 0.472973
130 0.474662
130 0.476351
130 0.478041
130 0.47973
130 0.481419
131 0.483108
131 0.484797
131 0.486486
131 0.488176
132 0.489865
132 0.491554
133 0.493243
134 0.494932
134 0.496622
134 0.498311
134 0.5
134 0.501689
134 0.503378
134 0.505068
134 0.506757
135 0.508446
135 0.510135
135 0.511824
135 0.513514
135 0.515203
135 0.516892
135 0.518581
135 0.52027
135 0.521959
135 0.523649
136 0.525338
136 0.527027
137 0.528716
137 0.530405
138 0.532095
138 0.533784
138 0.535473
138 0.537162
138 0.538851
138 0.540541
139 0.54223
139 0.543919
139 0.545608
139 0.547297
139 0.548986
139 0.550676
139 0.552365
140 0.554054
140 0.555743
141 0.557432
141 0.559122
141 0.560811
141 0.5625
141 0.564189
141 0.565878
141 0.567568
141 0.569257
141 0.570946
142 0.572635
142 0.574324
142 0.576014
142 0.577703
142 0.579392
144 0.581081
144 0.58277
144 0.584459
145 0.586149
145 0.587838
146 0.589527
147 0.591216
147 0.592905
147 0.594595
147 0.596284
148 0.597973
148 0.599662
148 0.601351
148 0.603041
149 0.60473
149 0.606419
149 0.608108
150 0.609797
150 0.611486
150 0.613176
151 0.614865
151 0.616554
151 0.618243
151 0.619932
152 0.621622
152 0.623311
153 0.625
153 0.626689
153 0.628378
153 0.630068
154 0.631757
154 0.633446
154 0.635135
154 0.636824
155 0.638514
155 0.640203
155 0.641892
155 0.643581
156 0.64527
156 0.646959
156 0.648649
156 0.650338
156 0.652027
157 0.653716
157 0.655405
158 0.657095
158 0.658784
158 0.660473
158 0.662162
158 0.663851
158 0.665541
158 0.66723
159 0.668919
160 0.670608
160 0.672297
160 0.673986
160 0.675676
160 0.677365
160 0.679054
160 0.680743
160 0.682432
160 0.684122
160 0.685811
161 0.6875
161 0.689189
161 0.690878
161 0.692568
162 0.694257
162 0.695946
162 0.697635
162 0.699324
162 0.701014
162 0.702703
162 0.704392
162 0.706081
162 0.70777
163 0.709459
163 0.711149
164 0.712838
164 0.714527
164 0.716216
164 0.717905
165 0.719595
166 0.721284
166 0.722973
166 0.724662
166 0.726351
167 0.728041
168 0.72973
168 0.731419
168 0.733108
168 0.734797
168 0.736486
168 0.738176
168 0.739865
169 0.741554
169 0.743243
169 0.744932
169 0.746622
170 0.748311
170 0.75
170 0.751689
170 0.753378
170 0.755068
170 0.756757
170 0.758446
170 0.760135
170 0.761824
170 0.763514
171 0.765203
171 0.766892
172 0.768581
172 0.77027
172 0.771959
172 0.773649
172 0.775338
172 0.777027
173 0.778716
173 0.780405
173 0.782095
173 0.783784
173 0.785473
173 0.787162
174 0.788851
174 0.790541
174 0.79223
174 0.793919
174 0.795608
175 0.797297
175 0.798986
175 0.800676
176 0.802365
176 0.804054
176 0.805743
177 0.807432
177 0.809122
177 0.810811
177 0.8125
179 0.814189
180 0.815878
181 0.817568
181 0.819257
181 0.820946
182 0.822635
182 0.824324
183 0.826014
183 0.827703
183 0.829392
183 0.831081
184 0.83277
184 0.834459
184 0.836149
184 0.837838
185 0.839527
186 0.841216
186 0.842905
186 0.844595
186 0.846284
187 0.847973
187 0.849662
188 0.851351
188 0.853041
189 0.85473
190 0.856419
191 0.858108
195 0.859797
195 0.861486
195 0.863176
197 0.864865
197 0.866554
199 0.868243
200 0.869932
201 0.871622
203 0.873311
205 0.875
205 0.876689
207 0.878378
207 0.880068
208 0.881757
214 0.883446
216 0.885135
216 0.886824
219 0.888514
226 0.890203
227 0.891892
232 0.893581
233 0.89527
235 0.896959
236 0.898649
236 0.900338
238 0.902027
239 0.903716
240 0.905405
241 0.907095
244 0.908784
246 0.910473
247 0.912162
249 0.913851
251 0.915541
251 0.91723
251 0.918919
251 0.920608
251 0.922297
251 0.923986
252 0.925676
254 0.927365
254 0.929054
257 0.930743
260 0.932432
264 0.934122
270 0.935811
272 0.9375
272 0.939189
275 0.940878
275 0.942568
275 0.944257
276 0.945946
276 0.947635
276 0.949324
278 0.951014
278 0.952703
279 0.954392
279 0.956081
279 0.95777
279 0.959459
279 0.961149
279 0.962838
279 0.964527
279 0.966216
279 0.967905
279 0.969595
281 0.971284
281 0.972973
284 0.974662
284 0.976351
284 0.978041
284 0.97973
285 0.981419
285 0.983108
285 0.984797
287 0.986486
287 0.988176
289 0.989865
290 0.991554
304 0.993243
304 0.994932
316 0.996622
318 0.998311
394 1
