83
84
85
85
86
86
86
86
86
86
86
86
86
87
87
87
87
87
87
88
88
88
88
88
88
88
89
89
89
89
89
89
89
89
89
89
89
89
89
89
89
89
89
89
90
90
90
90
90
90
90
90
90
90
91
91
91
91
91
91
91
91
92
92
92
92
92
92
92
92
92
92
92
92
92
92
92
92
92
92
92
92
92
92
92
92
92
92
92
92
92
92
92
92
92
92
92
92
92
92
92
92
92
92
92
92
92
92
93
93
93
93
93
93
93
93
93
93
94
94
94
94
94
94
94
94
94
95
95
95
95
95
95
95
95
95
95
95
96
96
96
96
96
96
97
97
97
97
97
97
97
97
98
98
98
98
98
98
98
99
99
99
99
99
99
99
99
100
100
101
101
101
101
102
102
102
103
103
103
104
104
104
105
105
105
105
105
105
105
105
106
106
106
107
108
108
108
108
108
108
108
108
109
109
109
109
110
110
110
110
110
110
110
111
111
111
111
111
112
112
112
112
112
113
113
113
114
115
115
116
116
116
116
117
117
118
118
120
120
120
120
120
121
121
121
121
121
121
122
123
123
123
124
126
126
126
127
127
127
127
127
127
127
127
128
128
128
128
128
128
128
129
129
129
129
129
129
129
129
130
130
130
130
130
130
131
131
131
131
132
132
133
134
134
134
134
134
134
134
134
135
135
135
135
135
135
135
135
135
135
136
136
137
137
138
138
138
138
138
138
139
139
139
139
139
139
139
140
140
141
141
141
141
141
141
141
141
141
142
142
142
142
142
144
144
144
145
145
146
147
147
147
147
148
148
148
148
149
149
149
150
150
150
151
151
151
151
152
152
153
153
153
153
154
154
154
154
155
155
155
155
156
156
156
156
156
157
157
158
158
158
158
158
158
158
159
160
160
160
160
160
160
160
160
160
160
161
161
161
161
162
162
162
162
162
162
162
162
162
163
163
164
164
164
164
165
166
166
166
166
167
168
168
168
168
168
168
168
169
169
169
169
170
170
170
170
170
170
170
170
170
170
171
171
172
172
172
172
172
172
173
173
173
173
173
173
174
174
174
174
174
175
175
175
176
176
176
177
177
177
177
179
180
181
181
181
182
182
183
183
183
183
184
184
184
184
185
186
186
186
186
187
187
188
188
189
190
191
195
195
195
197
197
199
200
201
203
205
205
207
207
208
214
216
216
219
226
227
232
233
235
236
236
238
239
240
241
244
246
247
249
251
251
251
251
251
251
252
254
254
257
260
264
270
272
272
275
275
275
276
276
276
278
278
279
279
279
279
279
279
279
279
279
279
281
281
284
284
284
284
285
285
285
287
287
289
290
304
304
316
318
394
