218 0.00015569
218 0.000311381
218 0.000467071
218 0.000622762
218 0.000778452
218 0.000934143
218 0.00108983
218 0.00124552
218 0.00140121
218 0.0015569
218 0.0017126
218 0.00186829
218 0.00202398
218 0.00217967
218 0.00233536
218 0.00249105
218 0.00264674
218 0.00280243
218 0.00295812
218 0.00311381
218 0.0032695
218 0.00342519
218 0.00358088
218 0.00373657
218 0.00389226
218 0.00404795
218 0.00420364
218 0.00435933
218 0.00451502
218 0.00467071
218 0.00482641
218 0.0049821
218 0.00513779
218 0.00529348
218 0.00544917
218 0.00560486
218 0.00576055
218 0.00591624
218 0.00607193
218 0.00622762
218 0.00638331
218 0.006539
218 0.00669469
218 0.00685038
218 0.00700607
218 0.00716176
218 0.00731745
218 0.00747314
218 0.00762883
218 0.00778452
218 0.00794021
218 0.00809591
218 0.0082516
218 0.00840729
218 0.00856298
218 0.00871867
218 0.00887436
218 0.00903005
218 0.00918574
218 0.00934143
218 0.00949712
218 0.00965281
218 0.0098085
218 0.00996419
218 0.0101199
218 0.0102756
218 0.0104313
218 0.010587
218 0.0107426
218 0.0108983
218 0.011054
218 0.0112097
218 0.0113654
218 0.0115211
218 0.0116768
218 0.0118325
218 0.0119882
218 0.0121439
218 0.0122995
218 0.0124552
218 0.0126109
218 0.0127666
218 0.0129223
218 0.013078
218 0.0132337
218 0.0133894
218 0.0135451
218 0.0137008
218 0.0138565
218 0.0140121
218 0.0141678
218 0.0143235
218 0.0144792
218 0.0146349
218 0.0147906
218 0.0149463
218 0.015102
218 0.0152577
218 0.0154134
218 0.015569
218 0.0157247
218 0.0158804
218 0.0160361
218 0.0161918
218 0.0163475
218 0.0165032
218 0.0166589
218 0.0168146
218 0.0169703
218 0.017126
218 0.0172816
218 0.0174373
218 0.017593
218 0.0177487
218 0.0179044
218 0.0180601
218 0.0182158
218 0.0183715
218 0.0185272
218 0.0186829
218 0.0188385
218 0.0189942
218 0.0191499
218 0.0193056
218 0.0194613
218 0.019617
218 0.0197727
218 0.0199284
218 0.0200841
218 0.0202398
218 0.0203955
218 0.0205511
218 0.0207068
218 0.0208625
218 0.0210182
218 0.0211739
218 0.0213296
218 0.0214853
218 0.021641
218 0.0217967
218 0.0219524
218 0.022108
218 0.0222637
218 0.0224194
218 0.0225751
218 0.0227308
218 0.0228865
218 0.0230422
218 0.0231979
218 0.0233536
218 0.0235093
218 0.023665
218 0.0238206
218 0.0239763
218 0.024132
218 0.0242877
218 0.0244434
218 0.0245991
218 0.0247548
218 0.0249105
218 0.0250662
218 0.0252219
218 0.0253775
218 0.0255332
218 0.0256889
218 0.0258446
218 0.0260003
218 0.026156
218 0.0263117
218 0.0264674
218 0.0266231
218 0.0267788
218 0.0269345
218 0.0270901
218 0.0272458
218 0.0274015
218 0.0275572
218 0.0277129
218 0.0278686
218 0.0280243
218 0.02818
218 0.0283357
218 0.0284914
218 0.028647
218 0.0288027
218 0.0289584
218 0.0291141
218 0.0292698
218 0.0294255
218 0.0295812
218 0.0297369
218 0.0298926
218 0.0300483
218 0.030204
218 0.0303596
218 0.0305153
218 0.030671
218 0.0308267
218 0.0309824
218 0.0311381
218 0.0312938
218 0.0314495
218 0.0316052
218 0.0317609
218 0.0319165
218 0.0320722
218 0.0322279
218 0.0323836
218 0.0325393
218 0.032695
218 0.0328507
218 0.0330064
218 0.0331621
218 0.0333178
218 0.0334735
218 0.0336291
218 0.0337848
218 0.0339405
218 0.0340962
218 0.0342519
218 0.0344076
218 0.0345633
218 0.034719
218 0.0348747
218 0.0350304
218 0.0351861
218 0.0353417
218 0.0354974
218 0.0356531
218 0.0358088
218 0.0359645
218 0.0361202
218 0.0362759
218 0.0364316
218 0.0365873
218 0.036743
218 0.0368986
218 0.0370543
218 0.03721
218 0.0373657
218 0.0375214
218 0.0376771
218 0.0378328
218 0.0379885
218 0.0381442
218 0.0382999
218 0.0384556
218 0.0386112
218 0.0387669
218 0.0389226
218 0.0390783
218 0.039234
218 0.0393897
218 0.0395454
218 0.0397011
218 0.0398568
218 0.0400125
218 0.0401681
218 0.0403238
218 0.0404795
218 0.0406352
218 0.0407909
218 0.0409466
218 0.0411023
218 0.041258
218 0.0414137
218 0.0415694
218 0.0417251
218 0.0418807
218 0.0420364
218 0.0421921
218 0.0423478
218 0.0425035
218 0.0426592
218 0.0428149
218 0.0429706
218 0.0431263
218 0.043282
218 0.0434376
218 0.0435933
218 0.043749
218 0.0439047
218 0.0440604
218 0.0442161
218 0.0443718
218 0.0445275
218 0.0446832
218 0.0448389
218 0.0449946
218 0.0451502
218 0.0453059
218 0.0454616
218 0.0456173
218 0.045773
218 0.0459287
218 0.0460844
218 0.0462401
218 0.0463958
218 0.0465515
218 0.0467071
218 0.0468628
218 0.0470185
218 0.0471742
218 0.0473299
218 0.0474856
218 0.0476413
218 0.047797
218 0.0479527
218 0.0481084
218 0.0482641
218 0.0484197
218 0.0485754
218 0.0487311
218 0.0488868
218 0.0490425
218 0.0491982
218 0.0493539
218 0.0495096
218 0.0496653
218 0.049821
218 0.0499766
218 0.0501323
218 0.050288
218 0.0504437
218 0.0505994
218 0.0507551
218 0.0509108
218 0.0510665
218 0.0512222
218 0.0513779
218 0.0515336
218 0.0516892
218 0.0518449
218 0.0520006
218 0.0521563
218 0.052312
218 0.0524677
218 0.0526234
218 0.0527791
218 0.0529348
218 0.0530905
218 0.0532461
218 0.0534018
218 0.0535575
218 0.0537132
218 0.0538689
218 0.0540246
218 0.0541803
218 0.054336
218 0.0544917
218 0.0546474
218 0.0548031
218 0.0549587
218 0.0551144
218 0.0552701
218 0.0554258
218 0.0555815
218 0.0557372
218 0.0558929
218 0.0560486
218 0.0562043
218 0.05636
218 0.0565156
218 0.0566713
218 0.056827
218 0.0569827
218 0.0571384
218 0.0572941
218 0.0574498
218 0.0576055
218 0.0577612
218 0.0579169
218 0.0580726
218 0.0582282
218 0.0583839
218 0.0585396
218 0.0586953
218 0.058851
218 0.0590067
218 0.0591624
218 0.0593181
218 0.0594738
218 0.0596295
218 0.0597851
218 0.0599408
218 0.0600965
218 0.0602522
218 0.0604079
218 0.0605636
218 0.0607193
218 0.060875
218 0.0610307
218 0.0611864
218 0.0613421
218 0.0614977
218 0.0616534
218 0.0618091
218 0.0619648
218 0.0621205
218 0.0622762
218 0.0624319
218 0.0625876
218 0.0627433
218 0.062899
218 0.0630546
218 0.0632103
218 0.063366
218 0.0635217
218 0.0636774
218 0.0638331
218 0.0639888
218 0.0641445
218 0.0643002
218 0.0644559
218 0.0646116
218 0.0647672
218 0.0649229
218 0.0650786
218 0.0652343
218 0.06539
218 0.0655457
218 0.0657014
218 0.0658571
218 0.0660128
218 0.0661685
218 0.0663241
218 0.0664798
218 0.0666355
218 0.0667912
218 0.0669469
218 0.0671026
218 0.0672583
218 0.067414
218 0.0675697
218 0.0677254
218 0.0678811
218 0.0680367
218 0.0681924
218 0.0683481
218 0.0685038
218 0.0686595
218 0.0688152
218 0.0689709
218 0.0691266
218 0.0692823
218 0.069438
218 0.0695936
218 0.0697493
218 0.069905
218 0.0700607
218 0.0702164
218 0.0703721
218 0.0705278
218 0.0706835
218 0.0708392
218 0.0709949
218 0.0711506
218 0.0713062
218 0.0714619
218 0.0716176
218 0.0717733
218 0.071929
218 0.0720847
218 0.0722404
218 0.0723961
218 0.0725518
218 0.0727075
218 0.0728631
218 0.0730188
218 0.0731745
218 0.0733302
218 0.0734859
218 0.0736416
218 0.0737973
218 0.073953
218 0.0741087
218 0.0742644
218 0.0744201
218 0.0745757
218 0.0747314
218 0.0748871
218 0.0750428
218 0.0751985
218 0.0753542
218 0.0755099
218 0.0756656
218 0.0758213
218 0.075977
218 0.0761326
218 0.0762883
218 0.076444
218 0.0765997
218 0.0767554
218 0.0769111
218 0.0770668
218 0.0772225
218 0.0773782
218 0.0775339
218 0.0776896
218 0.0778452
218 0.0780009
218 0.0781566
218 0.0783123
218 0.078468
218 0.0786237
218 0.0787794
218 0.0789351
218 0.0790908
218 0.0792465
218 0.0794021
218 0.0795578
218 0.0797135
218 0.0798692
218 0.0800249
218 0.0801806
218 0.0803363
218 0.080492
218 0.0806477
218 0.0808034
218 0.0809591
218 0.0811147
218 0.0812704
218 0.0814261
218 0.0815818
218 0.0817375
218 0.0818932
218 0.0820489
218 0.0822046
218 0.0823603
218 0.082516
218 0.0826716
218 0.0828273
218 0.082983
218 0.0831387
218 0.0832944
218 0.0834501
218 0.0836058
218 0.0837615
218 0.0839172
218 0.0840729
218 0.0842286
218 0.0843842
218 0.0845399
218 0.0846956
218 0.0848513
218 0.085007
218 0.0851627
218 0.0853184
218 0.0854741
218 0.0856298
218 0.0857855
218 0.0859411
218 0.0860968
218 0.0862525
218 0.0864082
218 0.0865639
218 0.0867196
218 0.0868753
218 0.087031
218 0.0871867
218 0.0873424
218 0.0874981
218 0.0876537
218 0.0878094
218 0.0879651
218 0.0881208
218 0.0882765
218 0.0884322
218 0.0885879
218 0.0887436
218 0.0888993
218 0.089055
218 0.0892106
218 0.0893663
218 0.089522
218 0.0896777
218 0.0898334
218 0.0899891
218 0.0901448
218 0.0903005
218 0.0904562
218 0.0906119
218 0.0907676
218 0.0909232
218 0.0910789
218 0.0912346
218 0.0913903
218 0.091546
218 0.0917017
218 0.0918574
218 0.0920131
218 0.0921688
218 0.0923245
218 0.0924801
218 0.0926358
218 0.0927915
218 0.0929472
218 0.0931029
218 0.0932586
218 0.0934143
218 0.09357
218 0.0937257
218 0.0938814
218 0.0940371
218 0.0941927
218 0.0943484
218 0.0945041
218 0.0946598
218 0.0948155
218 0.0949712
218 0.0951269
218 0.0952826
218 0.0954383
218 0.095594
218 0.0957496
218 0.0959053
218 0.096061
218 0.0962167
218 0.0963724
218 0.0965281
218 0.0966838
218 0.0968395
218 0.0969952
218 0.0971509
218 0.0973066
218 0.0974622
218 0.0976179
218 0.0977736
218 0.0979293
218 0.098085
218 0.0982407
218 0.0983964
218 0.0985521
218 0.0987078
218 0.0988635
218 0.0990191
218 0.0991748
218 0.0993305
218 0.0994862
218 0.0996419
218 0.0997976
218 0.0999533
218 0.100109
218 0.100265
218 0.10042
218 0.100576
218 0.100732
218 0.100887
218 0.101043
218 0.101199
218 0.101355
218 0.10151
218 0.101666
218 0.101822
218 0.101977
218 0.102133
218 0.102289
218 0.102444
218 0.1026
218 0.102756
218 0.102911
218 0.103067
218 0.103223
218 0.103378
218 0.103534
218 0.10369
218 0.103846
218 0.104001
218 0.104157
218 0.104313
218 0.104468
218 0.104624
218 0.10478
218 0.104935
218 0.105091
218 0.105247
218 0.105402
218 0.105558
218 0.105714
218 0.10587
218 0.106025
218 0.106181
218 0.106337
218 0.106492
218 0.106648
218 0.106804
218 0.106959
218 0.107115
218 0.107271
218 0.107426
218 0.107582
218 0.107738
218 0.107894
218 0.108049
218 0.108205
218 0.108361
218 0.108516
218 0.108672
218 0.108828
218 0.108983
218 0.109139
218 0.109295
218 0.10945
218 0.109606
218 0.109762
218 0.109917
218 0.110073
218 0.110229
218 0.110385
218 0.11054
218 0.110696
218 0.110852
218 0.111007
218 0.111163
218 0.111319
218 0.111474
218 0.11163
218 0.111786
218 0.111941
218 0.112097
218 0.112253
218 0.112409
218 0.112564
218 0.11272
218 0.112876
218 0.113031
218 0.113187
218 0.113343
218 0.113498
218 0.113654
218 0.11381
218 0.113965
218 0.114121
218 0.114277
218 0.114433
218 0.114588
218 0.114744
218 0.1149
218 0.115055
218 0.115211
218 0.115367
218 0.115522
218 0.115678
218 0.115834
218 0.115989
218 0.116145
218 0.116301
218 0.116456
218 0.116612
218 0.116768
218 0.116924
218 0.117079
218 0.117235
218 0.117391
218 0.117546
218 0.117702
218 0.117858
218 0.118013
218 0.118169
218 0.118325
218 0.11848
218 0.118636
218 0.118792
218 0.118948
218 0.119103
218 0.119259
218 0.119415
218 0.11957
218 0.119726
218 0.119882
218 0.120037
218 0.120193
218 0.120349
218 0.120504
218 0.12066
218 0.120816
218 0.120972
218 0.121127
218 0.121283
218 0.121439
218 0.121594
218 0.12175
218 0.121906
218 0.122061
218 0.122217
218 0.122373
218 0.122528
218 0.122684
218 0.12284
218 0.122995
218 0.123151
218 0.123307
218 0.123463
218 0.123618
218 0.123774
218 0.12393
218 0.124085
218 0.124241
218 0.124397
218 0.124552
218 0.124708
218 0.124864
218 0.125019
218 0.125175
218 0.125331
218 0.125487
218 0.125642
218 0.125798
218 0.125954
218 0.126109
218 0.126265
218 0.126421
218 0.126576
218 0.126732
218 0.126888
218 0.127043
218 0.127199
218 0.127355
218 0.127511
218 0.127666
218 0.127822
218 0.127978
218 0.128133
218 0.128289
218 0.128445
218 0.1286
218 0.128756
218 0.128912
218 0.129067
218 0.129223
218 0.129379
218 0.129534
218 0.12969
218 0.129846
218 0.130002
218 0.130157
218 0.130313
218 0.130469
218 0.130624
218 0.13078
218 0.130936
218 0.131091
218 0.131247
218 0.131403
218 0.131558
218 0.131714
218 0.13187
218 0.132026
218 0.132181
218 0.132337
218 0.132493
218 0.132648
218 0.132804
218 0.13296
218 0.133115
218 0.133271
218 0.133427
218 0.133582
218 0.133738
218 0.133894
218 0.13405
218 0.134205
218 0.134361
218 0.134517
218 0.134672
218 0.134828
218 0.134984
218 0.135139
218 0.135295
218 0.135451
218 0.135606
218 0.135762
218 0.135918
218 0.136073
218 0.136229
218 0.136385
218 0.136541
218 0.136696
218 0.136852
218 0.137008
218 0.137163
218 0.137319
218 0.137475
218 0.13763
218 0.137786
218 0.137942
218 0.138097
218 0.138253
218 0.138409
218 0.138565
218 0.13872
218 0.138876
218 0.139032
218 0.139187
218 0.139343
218 0.139499
218 0.139654
218 0.13981
218 0.139966
218 0.140121
218 0.140277
218 0.140433
218 0.140589
218 0.140744
218 0.1409
218 0.141056
218 0.141211
218 0.141367
218 0.141523
218 0.141678
218 0.141834
218 0.14199
218 0.142145
218 0.142301
218 0.142457
218 0.142612
218 0.142768
218 0.142924
218 0.14308
218 0.143235
218 0.143391
218 0.143547
218 0.143702
218 0.143858
218 0.144014
218 0.144169
218 0.144325
218 0.144481
218 0.144636
218 0.144792
218 0.144948
218 0.145104
218 0.145259
218 0.145415
218 0.145571
218 0.145726
218 0.145882
218 0.146038
218 0.146193
218 0.146349
218 0.146505
218 0.14666
218 0.146816
218 0.146972
218 0.147128
218 0.147283
218 0.147439
218 0.147595
218 0.14775
218 0.147906
218 0.148062
218 0.148217
218 0.148373
218 0.148529
218 0.148684
218 0.14884
218 0.148996
218 0.149151
218 0.149307
218 0.149463
218 0.149619
218 0.149774
218 0.14993
218 0.150086
218 0.150241
218 0.150397
218 0.150553
218 0.150708
218 0.150864
218 0.15102
218 0.151175
218 0.151331
218 0.151487
218 0.151643
218 0.151798
218 0.151954
218 0.15211
218 0.152265
218 0.152421
218 0.152577
218 0.152732
218 0.152888
218 0.153044
218 0.153199
218 0.153355
218 0.153511
218 0.153667
218 0.153822
218 0.153978
218 0.154134
218 0.154289
218 0.154445
218 0.154601
218 0.154756
218 0.154912
218 0.155068
218 0.155223
218 0.155379
218 0.155535
218 0.15569
218 0.155846
218 0.156002
218 0.156158
218 0.156313
218 0.156469
218 0.156625
218 0.15678
218 0.156936
218 0.157092
218 0.157247
218 0.157403
218 0.157559
218 0.157714
218 0.15787
218 0.158026
218 0.158182
218 0.158337
218 0.158493
218 0.158649
218 0.158804
218 0.15896
218 0.159116
218 0.159271
218 0.159427
218 0.159583
218 0.159738
218 0.159894
218 0.16005
218 0.160206
218 0.160361
218 0.160517
218 0.160673
218 0.160828
218 0.160984
218 0.16114
218 0.161295
218 0.161451
218 0.161607
218 0.161762
218 0.161918
218 0.162074
218 0.162229
218 0.162385
218 0.162541
218 0.162697
218 0.162852
218 0.163008
218 0.163164
218 0.163319
218 0.163475
218 0.163631
218 0.163786
218 0.163942
218 0.164098
218 0.164253
218 0.164409
218 0.164565
218 0.164721
218 0.164876
218 0.165032
218 0.165188
218 0.165343
218 0.165499
218 0.165655
218 0.16581
218 0.165966
218 0.166122
218 0.166277
218 0.166433
218 0.166589
218 0.166745
218 0.1669
218 0.167056
218 0.167212
218 0.167367
218 0.167523
218 0.167679
218 0.167834
218 0.16799
218 0.168146
218 0.168301
218 0.168457
218 0.168613
218 0.168768
218 0.168924
218 0.16908
218 0.169236
218 0.169391
218 0.169547
218 0.169703
218 0.169858
218 0.170014
218 0.17017
218 0.170325
218 0.170481
218 0.170637
218 0.170792
218 0.170948
218 0.171104
218 0.17126
218 0.171415
218 0.171571
218 0.171727
218 0.171882
218 0.172038
218 0.172194
218 0.172349
218 0.172505
218 0.172661
218 0.172816
218 0.172972
218 0.173128
218 0.173284
218 0.173439
218 0.173595
218 0.173751
218 0.173906
218 0.174062
218 0.174218
218 0.174373
218 0.174529
218 0.174685
218 0.17484
218 0.174996
218 0.175152
218 0.175307
218 0.175463
218 0.175619
218 0.175775
218 0.17593
218 0.176086
218 0.176242
218 0.176397
218 0.176553
218 0.176709
218 0.176864
218 0.17702
218 0.177176
218 0.177331
218 0.177487
218 0.177643
218 0.177799
218 0.177954
218 0.17811
218 0.178266
218 0.178421
218 0.178577
218 0.178733
218 0.178888
218 0.179044
218 0.1792
218 0.179355
218 0.179511
218 0.179667
218 0.179823
218 0.179978
218 0.180134
218 0.18029
218 0.180445
218 0.180601
218 0.180757
218 0.180912
218 0.181068
218 0.181224
218 0.181379
218 0.181535
218 0.181691
218 0.181846
218 0.182002
218 0.182158
218 0.182314
218 0.182469
218 0.182625
218 0.182781
218 0.182936
218 0.183092
218 0.183248
218 0.183403
218 0.183559
218 0.183715
218 0.18387
218 0.184026
218 0.184182
218 0.184338
218 0.184493
218 0.184649
218 0.184805
218 0.18496
218 0.185116
218 0.185272
218 0.185427
218 0.185583
218 0.185739
218 0.185894
218 0.18605
218 0.186206
218 0.186362
218 0.186517
218 0.186673
218 0.186829
218 0.186984
218 0.18714
218 0.187296
218 0.187451
218 0.187607
218 0.187763
218 0.187918
218 0.188074
218 0.18823
218 0.188385
218 0.188541
218 0.188697
218 0.188853
218 0.189008
218 0.189164
218 0.18932
218 0.189475
218 0.189631
218 0.189787
218 0.189942
218 0.190098
218 0.190254
218 0.190409
218 0.190565
218 0.190721
218 0.190877
218 0.191032
218 0.191188
218 0.191344
218 0.191499
218 0.191655
218 0.191811
218 0.191966
218 0.192122
218 0.192278
218 0.192433
218 0.192589
218 0.192745
218 0.192901
218 0.193056
218 0.193212
218 0.193368
218 0.193523
218 0.193679
218 0.193835
218 0.19399
218 0.194146
218 0.194302
218 0.194457
218 0.194613
218 0.194769
218 0.194924
218 0.19508
218 0.195236
218 0.195392
218 0.195547
218 0.195703
218 0.195859
218 0.196014
218 0.19617
218 0.196326
218 0.196481
218 0.196637
218 0.196793
218 0.196948
218 0.197104
218 0.19726
218 0.197416
218 0.197571
218 0.197727
218 0.197883
218 0.198038
218 0.198194
218 0.19835
218 0.198505
218 0.198661
218 0.198817
218 0.198972
218 0.199128
218 0.199284
218 0.19944
218 0.199595
218 0.199751
218 0.199907
218 0.200062
218 0.200218
218 0.200374
218 0.200529
218 0.200685
218 0.200841
218 0.200996
218 0.201152
218 0.201308
218 0.201463
218 0.201619
218 0.201775
218 0.201931
218 0.202086
218 0.202242
218 0.202398
218 0.202553
218 0.202709
218 0.202865
218 0.20302
218 0.203176
218 0.203332
218 0.203487
218 0.203643
218 0.203799
218 0.203955
218 0.20411
218 0.204266
218 0.204422
218 0.204577
218 0.204733
218 0.204889
218 0.205044
218 0.2052
218 0.205356
218 0.205511
218 0.205667
218 0.205823
218 0.205979
218 0.206134
218 0.20629
218 0.206446
218 0.206601
218 0.206757
218 0.206913
218 0.207068
218 0.207224
218 0.20738
218 0.207535
218 0.207691
218 0.207847
218 0.208002
218 0.208158
218 0.208314
218 0.20847
218 0.208625
218 0.208781
218 0.208937
218 0.209092
218 0.209248
218 0.209404
218 0.209559
218 0.209715
218 0.209871
218 0.210026
218 0.210182
218 0.210338
218 0.210494
218 0.210649
218 0.210805
218 0.210961
218 0.211116
218 0.211272
218 0.211428
218 0.211583
218 0.211739
218 0.211895
218 0.21205
218 0.212206
218 0.212362
218 0.212518
218 0.212673
218 0.212829
218 0.212985
218 0.21314
218 0.213296
218 0.213452
218 0.213607
218 0.213763
218 0.213919
218 0.214074
218 0.21423
218 0.214386
218 0.214541
218 0.214697
218 0.214853
218 0.215009
218 0.215164
218 0.21532
218 0.215476
218 0.215631
218 0.215787
218 0.215943
218 0.216098
218 0.216254
218 0.21641
218 0.216565
218 0.216721
218 0.216877
218 0.217033
218 0.217188
218 0.217344
218 0.2175
218 0.217655
218 0.217811
218 0.217967
218 0.218122
218 0.218278
218 0.218434
218 0.218589
218 0.218745
218 0.218901
218 0.219057
218 0.219212
218 0.219368
218 0.219524
218 0.219679
218 0.219835
218 0.219991
218 0.220146
218 0.220302
218 0.220458
218 0.220613
218 0.220769
218 0.220925
218 0.22108
218 0.221236
218 0.221392
218 0.221548
218 0.221703
218 0.221859
218 0.222015
218 0.22217
218 0.222326
218 0.222482
218 0.222637
218 0.222793
218 0.222949
218 0.223104
218 0.22326
218 0.223416
218 0.223572
218 0.223727
218 0.223883
218 0.224039
218 0.224194
218 0.22435
218 0.224506
218 0.224661
218 0.224817
218 0.224973
218 0.225128
218 0.225284
218 0.22544
218 0.225596
218 0.225751
218 0.225907
218 0.226063
218 0.226218
218 0.226374
218 0.22653
218 0.226685
218 0.226841
218 0.226997
218 0.227152
218 0.227308
218 0.227464
218 0.227619
218 0.227775
218 0.227931
218 0.228087
218 0.228242
218 0.228398
218 0.228554
218 0.228709
218 0.228865
218 0.229021
218 0.229176
218 0.229332
218 0.229488
218 0.229643
218 0.229799
218 0.229955
218 0.230111
218 0.230266
218 0.230422
218 0.230578
218 0.230733
218 0.230889
218 0.231045
218 0.2312
218 0.231356
218 0.231512
218 0.231667
218 0.231823
218 0.231979
218 0.232135
218 0.23229
218 0.232446
218 0.232602
218 0.232757
218 0.232913
218 0.233069
218 0.233224
218 0.23338
218 0.233536
218 0.233691
218 0.233847
218 0.234003
218 0.234158
218 0.234314
218 0.23447
218 0.234626
218 0.234781
218 0.234937
218 0.235093
218 0.235248
218 0.235404
218 0.23556
218 0.235715
218 0.235871
218 0.236027
218 0.236182
218 0.236338
218 0.236494
218 0.23665
218 0.236805
218 0.236961
218 0.237117
218 0.237272
218 0.237428
218 0.237584
218 0.237739
218 0.237895
218 0.238051
218 0.238206
218 0.238362
218 0.238518
218 0.238674
218 0.238829
218 0.238985
218 0.239141
218 0.239296
218 0.239452
218 0.239608
218 0.239763
218 0.239919
218 0.240075
218 0.24023
218 0.240386
218 0.240542
218 0.240697
218 0.240853
218 0.241009
218 0.241165
218 0.24132
218 0.241476
218 0.241632
218 0.241787
218 0.241943
218 0.242099
218 0.242254
218 0.24241
218 0.242566
218 0.242721
218 0.242877
218 0.243033
218 0.243189
218 0.243344
218 0.2435
218 0.243656
218 0.243811
218 0.243967
218 0.244123
218 0.244278
218 0.244434
218 0.24459
218 0.244745
218 0.244901
218 0.245057
218 0.245213
218 0.245368
218 0.245524
218 0.24568
218 0.245835
218 0.245991
218 0.246147
218 0.246302
218 0.246458
218 0.246614
218 0.246769
218 0.246925
218 0.247081
218 0.247236
218 0.247392
218 0.247548
218 0.247704
218 0.247859
218 0.248015
218 0.248171
218 0.248326
218 0.248482
218 0.248638
218 0.248793
218 0.248949
218 0.249105
218 0.24926
218 0.249416
218 0.249572
218 0.249728
218 0.249883
218 0.250039
218 0.250195
218 0.25035
218 0.250506
218 0.250662
218 0.250817
218 0.250973
218 0.251129
218 0.251284
218 0.25144
218 0.251596
218 0.251752
218 0.251907
218 0.252063
218 0.252219
218 0.252374
218 0.25253
218 0.252686
218 0.252841
218 0.252997
218 0.253153
218 0.253308
218 0.253464
218 0.25362
218 0.253775
218 0.253931
218 0.254087
218 0.254243
218 0.254398
218 0.254554
218 0.25471
218 0.254865
218 0.255021
218 0.255177
218 0.255332
218 0.255488
218 0.255644
218 0.255799
218 0.255955
218 0.256111
218 0.256267
218 0.256422
218 0.256578
218 0.256734
218 0.256889
218 0.257045
218 0.257201
218 0.257356
218 0.257512
218 0.257668
218 0.257823
218 0.257979
218 0.258135
218 0.258291
218 0.258446
218 0.258602
218 0.258758
218 0.258913
218 0.259069
218 0.259225
218 0.25938
218 0.259536
218 0.259692
218 0.259847
218 0.260003
218 0.260159
218 0.260314
218 0.26047
218 0.260626
218 0.260782
218 0.260937
218 0.261093
218 0.261249
218 0.261404
218 0.26156
218 0.261716
218 0.261871
218 0.262027
218 0.262183
218 0.262338
218 0.262494
218 0.26265
218 0.262806
218 0.262961
218 0.263117
218 0.263273
218 0.263428
218 0.263584
218 0.26374
218 0.263895
218 0.264051
218 0.264207
218 0.264362
218 0.264518
218 0.264674
218 0.26483
218 0.264985
218 0.265141
218 0.265297
218 0.265452
218 0.265608
218 0.265764
218 0.265919
218 0.266075
218 0.266231
218 0.266386
218 0.266542
218 0.266698
218 0.266853
218 0.267009
218 0.267165
218 0.267321
218 0.267476
218 0.267632
218 0.267788
218 0.267943
218 0.268099
218 0.268255
218 0.26841
218 0.268566
218 0.268722
218 0.268877
218 0.269033
218 0.269189
218 0.269345
218 0.2695
218 0.269656
218 0.269812
218 0.269967
218 0.270123
218 0.270279
218 0.270434
218 0.27059
218 0.270746
218 0.270901
218 0.271057
218 0.271213
218 0.271369
218 0.271524
218 0.27168
218 0.271836
218 0.271991
218 0.272147
218 0.272303
218 0.272458
218 0.272614
218 0.27277
218 0.272925
218 0.273081
218 0.273237
218 0.273392
218 0.273548
218 0.273704
218 0.27386
218 0.274015
218 0.274171
218 0.274327
218 0.274482
218 0.274638
218 0.274794
218 0.274949
218 0.275105
218 0.275261
218 0.275416
218 0.275572
218 0.275728
218 0.275884
218 0.276039
218 0.276195
218 0.276351
218 0.276506
218 0.276662
218 0.276818
218 0.276973
218 0.277129
218 0.277285
218 0.27744
218 0.277596
218 0.277752
218 0.277908
218 0.278063
218 0.278219
218 0.278375
218 0.27853
218 0.278686
218 0.278842
218 0.278997
218 0.279153
218 0.279309
218 0.279464
218 0.27962
218 0.279776
218 0.279931
218 0.280087
218 0.280243
218 0.280399
218 0.280554
218 0.28071
218 0.280866
218 0.281021
218 0.281177
218 0.281333
218 0.281488
218 0.281644
218 0.2818
218 0.281955
218 0.282111
218 0.282267
218 0.282423
218 0.282578
218 0.282734
218 0.28289
218 0.283045
218 0.283201
218 0.283357
218 0.283512
218 0.283668
218 0.283824
218 0.283979
218 0.284135
218 0.284291
218 0.284447
218 0.284602
218 0.284758
218 0.284914
218 0.285069
218 0.285225
218 0.285381
218 0.285536
218 0.285692
218 0.285848
218 0.286003
218 0.286159
218 0.286315
218 0.28647
218 0.286626
218 0.286782
218 0.286938
218 0.287093
218 0.287249
218 0.287405
218 0.28756
218 0.287716
218 0.287872
218 0.288027
218 0.288183
218 0.288339
218 0.288494
218 0.28865
218 0.288806
218 0.288962
218 0.289117
218 0.289273
218 0.289429
218 0.289584
218 0.28974
218 0.289896
218 0.290051
218 0.290207
218 0.290363
218 0.290518
218 0.290674
218 0.29083
218 0.290986
218 0.291141
218 0.291297
218 0.291453
218 0.291608
218 0.291764
218 0.29192
218 0.292075
218 0.292231
218 0.292387
218 0.292542
218 0.292698
218 0.292854
218 0.293009
218 0.293165
218 0.293321
218 0.293477
218 0.293632
218 0.293788
218 0.293944
218 0.294099
218 0.294255
218 0.294411
218 0.294566
218 0.294722
218 0.294878
218 0.295033
218 0.295189
218 0.295345
218 0.295501
218 0.295656
218 0.295812
218 0.295968
218 0.296123
218 0.296279
218 0.296435
218 0.29659
218 0.296746
218 0.296902
218 0.297057
218 0.297213
218 0.297369
218 0.297525
218 0.29768
218 0.297836
218 0.297992
218 0.298147
218 0.298303
218 0.298459
218 0.298614
218 0.29877
218 0.298926
218 0.299081
218 0.299237
218 0.299393
218 0.299548
218 0.299704
218 0.29986
218 0.300016
218 0.300171
218 0.300327
218 0.300483
218 0.300638
218 0.300794
218 0.30095
218 0.301105
218 0.301261
218 0.301417
218 0.301572
218 0.301728
218 0.301884
218 0.30204
218 0.302195
218 0.302351
218 0.302507
218 0.302662
218 0.302818
218 0.302974
218 0.303129
218 0.303285
218 0.303441
218 0.303596
218 0.303752
218 0.303908
218 0.304064
218 0.304219
218 0.304375
218 0.304531
218 0.304686
218 0.304842
218 0.304998
218 0.305153
218 0.305309
218 0.305465
218 0.30562
218 0.305776
218 0.305932
218 0.306087
218 0.306243
218 0.306399
218 0.306555
218 0.30671
218 0.306866
218 0.307022
218 0.307177
218 0.307333
218 0.307489
218 0.307644
218 0.3078
218 0.307956
218 0.308111
218 0.308267
218 0.308423
218 0.308579
218 0.308734
218 0.30889
218 0.309046
218 0.309201
218 0.309357
218 0.309513
218 0.309668
218 0.309824
218 0.30998
218 0.310135
218 0.310291
218 0.310447
218 0.310603
218 0.310758
218 0.310914
218 0.31107
218 0.311225
218 0.311381
218 0.311537
218 0.311692
218 0.311848
218 0.312004
218 0.312159
218 0.312315
218 0.312471
218 0.312626
218 0.312782
218 0.312938
218 0.313094
218 0.313249
218 0.313405
218 0.313561
218 0.313716
218 0.313872
218 0.314028
218 0.314183
218 0.314339
218 0.314495
218 0.31465
218 0.314806
218 0.314962
218 0.315118
218 0.315273
218 0.315429
218 0.315585
218 0.31574
218 0.315896
218 0.316052
218 0.316207
218 0.316363
218 0.316519
218 0.316674
218 0.31683
218 0.316986
218 0.317142
218 0.317297
218 0.317453
218 0.317609
218 0.317764
218 0.31792
218 0.318076
218 0.318231
218 0.318387
218 0.318543
218 0.318698
218 0.318854
218 0.31901
218 0.319165
218 0.319321
218 0.319477
218 0.319633
218 0.319788
218 0.319944
218 0.3201
218 0.320255
218 0.320411
218 0.320567
218 0.320722
218 0.320878
218 0.321034
218 0.321189
218 0.321345
218 0.321501
218 0.321657
218 0.321812
218 0.321968
218 0.322124
218 0.322279
218 0.322435
218 0.322591
218 0.322746
218 0.322902
218 0.323058
218 0.323213
218 0.323369
218 0.323525
218 0.323681
218 0.323836
218 0.323992
218 0.324148
218 0.324303
218 0.324459
218 0.324615
218 0.32477
218 0.324926
218 0.325082
218 0.325237
218 0.325393
218 0.325549
218 0.325704
218 0.32586
218 0.326016
218 0.326172
218 0.326327
218 0.326483
218 0.326639
218 0.326794
218 0.32695
218 0.327106
218 0.327261
218 0.327417
218 0.327573
218 0.327728
218 0.327884
218 0.32804
218 0.328196
218 0.328351
218 0.328507
218 0.328663
218 0.328818
218 0.328974
218 0.32913
218 0.329285
218 0.329441
218 0.329597
218 0.329752
218 0.329908
218 0.330064
218 0.33022
218 0.330375
218 0.330531
218 0.330687
218 0.330842
218 0.330998
218 0.331154
218 0.331309
218 0.331465
218 0.331621
218 0.331776
218 0.331932
218 0.332088
218 0.332243
218 0.332399
218 0.332555
218 0.332711
218 0.332866
218 0.333022
218 0.333178
218 0.333333
218 0.333489
218 0.333645
218 0.3338
218 0.333956
218 0.334112
218 0.334267
218 0.334423
218 0.334579
218 0.334735
218 0.33489
218 0.335046
218 0.335202
218 0.335357
218 0.335513
218 0.335669
218 0.335824
218 0.33598
218 0.336136
218 0.336291
218 0.336447
218 0.336603
218 0.336759
218 0.336914
218 0.33707
218 0.337226
218 0.337381
218 0.337537
218 0.337693
218 0.337848
218 0.338004
218 0.33816
218 0.338315
218 0.338471
218 0.338627
218 0.338783
218 0.338938
218 0.339094
218 0.33925
218 0.339405
218 0.339561
218 0.339717
218 0.339872
218 0.340028
218 0.340184
218 0.340339
218 0.340495
218 0.340651
218 0.340806
218 0.340962
218 0.341118
218 0.341274
218 0.341429
218 0.341585
218 0.341741
218 0.341896
218 0.342052
218 0.342208
218 0.342363
218 0.342519
218 0.342675
218 0.34283
218 0.342986
218 0.343142
218 0.343298
218 0.343453
218 0.343609
218 0.343765
218 0.34392
218 0.344076
218 0.344232
218 0.344387
218 0.344543
218 0.344699
218 0.344854
218 0.34501
218 0.345166
218 0.345322
218 0.345477
218 0.345633
218 0.345789
218 0.345944
218 0.3461
218 0.346256
218 0.346411
218 0.346567
218 0.346723
218 0.346878
218 0.347034
218 0.34719
218 0.347345
218 0.347501
218 0.347657
218 0.347813
218 0.347968
218 0.348124
218 0.34828
218 0.348435
218 0.348591
218 0.348747
218 0.348902
218 0.349058
218 0.349214
218 0.349369
218 0.349525
218 0.349681
218 0.349837
218 0.349992
218 0.350148
218 0.350304
218 0.350459
218 0.350615
218 0.350771
218 0.350926
218 0.351082
218 0.351238
218 0.351393
218 0.351549
218 0.351705
218 0.351861
218 0.352016
218 0.352172
218 0.352328
218 0.352483
218 0.352639
218 0.352795
218 0.35295
218 0.353106
218 0.353262
218 0.353417
218 0.353573
218 0.353729
218 0.353884
218 0.35404
218 0.354196
218 0.354352
218 0.354507
218 0.354663
218 0.354819
218 0.354974
218 0.35513
218 0.355286
218 0.355441
218 0.355597
218 0.355753
218 0.355908
218 0.356064
218 0.35622
218 0.356376
218 0.356531
218 0.356687
218 0.356843
218 0.356998
218 0.357154
218 0.35731
218 0.357465
218 0.357621
218 0.357777
218 0.357932
218 0.358088
218 0.358244
218 0.3584
218 0.358555
218 0.358711
218 0.358867
218 0.359022
218 0.359178
218 0.359334
218 0.359489
218 0.359645
218 0.359801
218 0.359956
218 0.360112
218 0.360268
218 0.360423
218 0.360579
218 0.360735
218 0.360891
218 0.361046
218 0.361202
218 0.361358
218 0.361513
218 0.361669
218 0.361825
218 0.36198
218 0.362136
218 0.362292
218 0.362447
218 0.362603
218 0.362759
218 0.362915
218 0.36307
218 0.363226
218 0.363382
218 0.363537
218 0.363693
218 0.363849
218 0.364004
218 0.36416
218 0.364316
218 0.364471
218 0.364627
218 0.364783
218 0.364939
218 0.365094
218 0.36525
218 0.365406
218 0.365561
218 0.365717
218 0.365873
218 0.366028
218 0.366184
218 0.36634
218 0.366495
218 0.366651
218 0.366807
218 0.366962
218 0.367118
218 0.367274
218 0.36743
218 0.367585
218 0.367741
218 0.367897
218 0.368052
218 0.368208
218 0.368364
218 0.368519
218 0.368675
218 0.368831
218 0.368986
218 0.369142
218 0.369298
218 0.369454
218 0.369609
218 0.369765
218 0.369921
218 0.370076
218 0.370232
218 0.370388
218 0.370543
218 0.370699
218 0.370855
218 0.37101
218 0.371166
218 0.371322
218 0.371478
218 0.371633
218 0.371789
218 0.371945
218 0.3721
218 0.372256
218 0.372412
218 0.372567
218 0.372723
218 0.372879
218 0.373034
218 0.37319
218 0.373346
218 0.373501
218 0.373657
218 0.373813
218 0.373969
218 0.374124
218 0.37428
218 0.374436
218 0.374591
218 0.374747
218 0.374903
218 0.375058
218 0.375214
218 0.37537
218 0.375525
218 0.375681
218 0.375837
218 0.375993
218 0.376148
218 0.376304
218 0.37646
218 0.376615
218 0.376771
218 0.376927
218 0.377082
218 0.377238
218 0.377394
218 0.377549
218 0.377705
218 0.377861
218 0.378017
218 0.378172
218 0.378328
218 0.378484
218 0.378639
218 0.378795
218 0.378951
218 0.379106
218 0.379262
218 0.379418
218 0.379573
218 0.379729
218 0.379885
218 0.38004
218 0.380196
218 0.380352
218 0.380508
218 0.380663
218 0.380819
218 0.380975
218 0.38113
218 0.381286
218 0.381442
218 0.381597
218 0.381753
218 0.381909
218 0.382064
218 0.38222
218 0.382376
218 0.382532
218 0.382687
218 0.382843
218 0.382999
218 0.383154
218 0.38331
218 0.383466
218 0.383621
218 0.383777
218 0.383933
218 0.384088
218 0.384244
218 0.3844
218 0.384556
218 0.384711
218 0.384867
218 0.385023
218 0.385178
218 0.385334
218 0.38549
218 0.385645
218 0.385801
218 0.385957
218 0.386112
218 0.386268
218 0.386424
218 0.386579
218 0.386735
218 0.386891
218 0.387047
218 0.387202
218 0.387358
218 0.387514
218 0.387669
218 0.387825
218 0.387981
218 0.388136
218 0.388292
218 0.388448
218 0.388603
218 0.388759
218 0.388915
218 0.389071
218 0.389226
218 0.389382
218 0.389538
218 0.389693
218 0.389849
218 0.390005
218 0.39016
218 0.390316
218 0.390472
218 0.390627
218 0.390783
218 0.390939
218 0.391095
218 0.39125
218 0.391406
218 0.391562
218 0.391717
218 0.391873
218 0.392029
218 0.392184
218 0.39234
218 0.392496
218 0.392651
218 0.392807
218 0.392963
218 0.393118
218 0.393274
218 0.39343
218 0.393586
218 0.393741
218 0.393897
218 0.394053
218 0.394208
218 0.394364
218 0.39452
218 0.394675
218 0.394831
218 0.394987
218 0.395142
218 0.395298
218 0.395454
218 0.39561
218 0.395765
218 0.395921
218 0.396077
218 0.396232
218 0.396388
218 0.396544
218 0.396699
218 0.396855
218 0.397011
218 0.397166
218 0.397322
218 0.397478
218 0.397634
218 0.397789
218 0.397945
218 0.398101
218 0.398256
218 0.398412
218 0.398568
218 0.398723
218 0.398879
218 0.399035
218 0.39919
218 0.399346
218 0.399502
218 0.399657
218 0.399813
218 0.399969
218 0.400125
218 0.40028
218 0.400436
218 0.400592
218 0.400747
218 0.400903
218 0.401059
218 0.401214
218 0.40137
218 0.401526
218 0.401681
218 0.401837
218 0.401993
218 0.402149
218 0.402304
218 0.40246
218 0.402616
218 0.402771
218 0.402927
218 0.403083
218 0.403238
218 0.403394
218 0.40355
218 0.403705
218 0.403861
218 0.404017
218 0.404173
218 0.404328
218 0.404484
218 0.40464
218 0.404795
218 0.404951
218 0.405107
218 0.405262
218 0.405418
218 0.405574
218 0.405729
218 0.405885
218 0.406041
218 0.406196
218 0.406352
218 0.406508
218 0.406664
218 0.406819
218 0.406975
218 0.407131
218 0.407286
218 0.407442
218 0.407598
218 0.407753
218 0.407909
218 0.408065
218 0.40822
218 0.408376
218 0.408532
218 0.408688
218 0.408843
218 0.408999
218 0.409155
218 0.40931
218 0.409466
218 0.409622
218 0.409777
218 0.409933
218 0.410089
218 0.410244
218 0.4104
218 0.410556
218 0.410712
218 0.410867
218 0.411023
218 0.411179
218 0.411334
218 0.41149
218 0.411646
218 0.411801
218 0.411957
218 0.412113
218 0.412268
218 0.412424
218 0.41258
218 0.412735
218 0.412891
218 0.413047
218 0.413203
218 0.413358
218 0.413514
218 0.41367
218 0.413825
218 0.413981
218 0.414137
218 0.414292
218 0.414448
218 0.414604
218 0.414759
218 0.414915
218 0.415071
218 0.415227
218 0.415382
218 0.415538
218 0.415694
218 0.415849
218 0.416005
218 0.416161
218 0.416316
218 0.416472
218 0.416628
218 0.416783
218 0.416939
218 0.417095
218 0.417251
218 0.417406
218 0.417562
218 0.417718
218 0.417873
218 0.418029
218 0.418185
218 0.41834
218 0.418496
218 0.418652
218 0.418807
218 0.418963
218 0.419119
218 0.419274
218 0.41943
218 0.419586
218 0.419742
218 0.419897
218 0.420053
218 0.420209
218 0.420364
218 0.42052
218 0.420676
218 0.420831
218 0.420987
218 0.421143
218 0.421298
218 0.421454
218 0.42161
218 0.421766
218 0.421921
218 0.422077
218 0.422233
218 0.422388
218 0.422544
218 0.4227
218 0.422855
218 0.423011
218 0.423167
218 0.423322
218 0.423478
218 0.423634
218 0.42379
218 0.423945
218 0.424101
218 0.424257
218 0.424412
218 0.424568
218 0.424724
218 0.424879
218 0.425035
218 0.425191
218 0.425346
218 0.425502
218 0.425658
218 0.425813
218 0.425969
218 0.426125
218 0.426281
218 0.426436
218 0.426592
218 0.426748
218 0.426903
218 0.427059
218 0.427215
218 0.42737
218 0.427526
218 0.427682
218 0.427837
218 0.427993
218 0.428149
218 0.428305
218 0.42846
218 0.428616
218 0.428772
218 0.428927
218 0.429083
218 0.429239
218 0.429394
218 0.42955
218 0.429706
218 0.429861
218 0.430017
218 0.430173
218 0.430329
218 0.430484
218 0.43064
218 0.430796
218 0.430951
218 0.431107
218 0.431263
218 0.431418
218 0.431574
218 0.43173
218 0.431885
218 0.432041
218 0.432197
218 0.432352
218 0.432508
218 0.432664
218 0.43282
218 0.432975
218 0.433131
218 0.433287
218 0.433442
218 0.433598
218 0.433754
218 0.433909
218 0.434065
218 0.434221
218 0.434376
218 0.434532
218 0.434688
218 0.434844
218 0.434999
218 0.435155
218 0.435311
218 0.435466
218 0.435622
218 0.435778
218 0.435933
218 0.436089
218 0.436245
218 0.4364
218 0.436556
218 0.436712
218 0.436868
218 0.437023
218 0.437179
218 0.437335
218 0.43749
218 0.437646
218 0.437802
218 0.437957
218 0.438113
218 0.438269
218 0.438424
218 0.43858
218 0.438736
218 0.438891
218 0.439047
218 0.439203
218 0.439359
218 0.439514
218 0.43967
218 0.439826
218 0.439981
218 0.440137
218 0.440293
218 0.440448
218 0.440604
218 0.44076
218 0.440915
218 0.441071
218 0.441227
218 0.441383
218 0.441538
218 0.441694
218 0.44185
218 0.442005
218 0.442161
218 0.442317
218 0.442472
218 0.442628
218 0.442784
218 0.442939
218 0.443095
218 0.443251
218 0.443407
218 0.443562
218 0.443718
218 0.443874
218 0.444029
218 0.444185
218 0.444341
218 0.444496
218 0.444652
218 0.444808
218 0.444963
218 0.445119
218 0.445275
218 0.44543
218 0.445586
218 0.445742
218 0.445898
218 0.446053
218 0.446209
218 0.446365
218 0.44652
218 0.446676
218 0.446832
218 0.446987
218 0.447143
218 0.447299
218 0.447454
218 0.44761
218 0.447766
218 0.447922
218 0.448077
218 0.448233
218 0.448389
218 0.448544
218 0.4487
218 0.448856
218 0.449011
218 0.449167
218 0.449323
218 0.449478
218 0.449634
218 0.44979
218 0.449946
218 0.450101
218 0.450257
218 0.450413
218 0.450568
218 0.450724
218 0.45088
218 0.451035
218 0.451191
218 0.451347
218 0.451502
218 0.451658
218 0.451814
218 0.451969
218 0.452125
218 0.452281
218 0.452437
218 0.452592
218 0.452748
218 0.452904
218 0.453059
218 0.453215
218 0.453371
218 0.453526
218 0.453682
218 0.453838
218 0.453993
218 0.454149
218 0.454305
218 0.454461
218 0.454616
218 0.454772
218 0.454928
218 0.455083
218 0.455239
218 0.455395
218 0.45555
218 0.455706
218 0.455862
218 0.456017
218 0.456173
218 0.456329
218 0.456485
218 0.45664
218 0.456796
218 0.456952
218 0.457107
218 0.457263
218 0.457419
218 0.457574
218 0.45773
218 0.457886
218 0.458041
218 0.458197
218 0.458353
218 0.458508
218 0.458664
218 0.45882
218 0.458976
218 0.459131
218 0.459287
218 0.459443
218 0.459598
218 0.459754
218 0.45991
218 0.460065
218 0.460221
218 0.460377
218 0.460532
218 0.460688
218 0.460844
218 0.461
218 0.461155
218 0.461311
218 0.461467
218 0.461622
218 0.461778
218 0.461934
218 0.462089
218 0.462245
218 0.462401
218 0.462556
218 0.462712
218 0.462868
218 0.463024
218 0.463179
218 0.463335
218 0.463491
218 0.463646
218 0.463802
218 0.463958
218 0.464113
218 0.464269
218 0.464425
218 0.46458
218 0.464736
218 0.464892
218 0.465047
218 0.465203
218 0.465359
218 0.465515
218 0.46567
218 0.465826
218 0.465982
218 0.466137
218 0.466293
218 0.466449
218 0.466604
218 0.46676
218 0.466916
218 0.467071
218 0.467227
218 0.467383
218 0.467539
218 0.467694
218 0.46785
218 0.468006
218 0.468161
218 0.468317
218 0.468473
218 0.468628
218 0.468784
218 0.46894
218 0.469095
218 0.469251
218 0.469407
218 0.469563
218 0.469718
218 0.469874
218 0.47003
218 0.470185
218 0.470341
218 0.470497
218 0.470652
218 0.470808
218 0.470964
218 0.471119
218 0.471275
218 0.471431
218 0.471586
218 0.471742
218 0.471898
218 0.472054
218 0.472209
218 0.472365
218 0.472521
218 0.472676
218 0.472832
218 0.472988
218 0.473143
218 0.473299
218 0.473455
218 0.47361
218 0.473766
218 0.473922
218 0.474078
218 0.474233
218 0.474389
218 0.474545
218 0.4747
218 0.474856
218 0.475012
218 0.475167
218 0.475323
218 0.475479
218 0.475634
218 0.47579
218 0.475946
218 0.476102
218 0.476257
218 0.476413
218 0.476569
218 0.476724
218 0.47688
218 0.477036
218 0.477191
218 0.477347
218 0.477503
218 0.477658
218 0.477814
218 0.47797
218 0.478125
218 0.478281
218 0.478437
218 0.478593
218 0.478748
218 0.478904
218 0.47906
218 0.479215
218 0.479371
218 0.479527
218 0.479682
218 0.479838
218 0.479994
218 0.480149
218 0.480305
218 0.480461
218 0.480617
218 0.480772
218 0.480928
218 0.481084
218 0.481239
218 0.481395
218 0.481551
218 0.481706
218 0.481862
218 0.482018
218 0.482173
218 0.482329
218 0.482485
218 0.482641
218 0.482796
218 0.482952
218 0.483108
218 0.483263
218 0.483419
218 0.483575
218 0.48373
218 0.483886
218 0.484042
218 0.484197
218 0.484353
218 0.484509
218 0.484664
218 0.48482
218 0.484976
218 0.485132
218 0.485287
218 0.485443
218 0.485599
218 0.485754
218 0.48591
218 0.486066
218 0.486221
218 0.486377
218 0.486533
218 0.486688
218 0.486844
218 0.487
218 0.487156
218 0.487311
218 0.487467
218 0.487623
218 0.487778
218 0.487934
218 0.48809
218 0.488245
218 0.488401
218 0.488557
218 0.488712
218 0.488868
218 0.489024
218 0.48918
218 0.489335
218 0.489491
218 0.489647
218 0.489802
218 0.489958
218 0.490114
218 0.490269
218 0.490425
218 0.490581
218 0.490736
218 0.490892
218 0.491048
218 0.491203
218 0.491359
218 0.491515
218 0.491671
218 0.491826
218 0.491982
218 0.492138
218 0.492293
218 0.492449
218 0.492605
218 0.49276
218 0.492916
218 0.493072
218 0.493227
218 0.493383
218 0.493539
218 0.493695
218 0.49385
218 0.494006
218 0.494162
218 0.494317
218 0.494473
218 0.494629
218 0.494784
218 0.49494
218 0.495096
218 0.495251
218 0.495407
218 0.495563
218 0.495719
218 0.495874
218 0.49603
218 0.496186
218 0.496341
218 0.496497
218 0.496653
218 0.496808
218 0.496964
218 0.49712
218 0.497275
218 0.497431
218 0.497587
218 0.497742
218 0.497898
218 0.498054
218 0.49821
218 0.498365
218 0.498521
218 0.498677
218 0.498832
218 0.498988
218 0.499144
218 0.499299
218 0.499455
218 0.499611
218 0.499766
218 0.499922
218 0.500078
218 0.500234
218 0.500389
218 0.500545
218 0.500701
218 0.500856
218 0.501012
218 0.501168
218 0.501323
218 0.501479
218 0.501635
218 0.50179
218 0.501946
218 0.502102
218 0.502258
218 0.502413
218 0.502569
218 0.502725
218 0.50288
218 0.503036
218 0.503192
218 0.503347
218 0.503503
218 0.503659
218 0.503814
218 0.50397
218 0.504126
218 0.504281
218 0.504437
218 0.504593
218 0.504749
218 0.504904
218 0.50506
218 0.505216
218 0.505371
218 0.505527
218 0.505683
218 0.505838
218 0.505994
218 0.50615
218 0.506305
218 0.506461
218 0.506617
218 0.506773
218 0.506928
218 0.507084
218 0.50724
218 0.507395
218 0.507551
218 0.507707
218 0.507862
218 0.508018
218 0.508174
218 0.508329
218 0.508485
218 0.508641
218 0.508797
218 0.508952
218 0.509108
218 0.509264
218 0.509419
218 0.509575
218 0.509731
218 0.509886
218 0.510042
218 0.510198
218 0.510353
218 0.510509
218 0.510665
218 0.51082
218 0.510976
218 0.511132
218 0.511288
218 0.511443
218 0.511599
218 0.511755
218 0.51191
218 0.512066
218 0.512222
218 0.512377
218 0.512533
218 0.512689
218 0.512844
218 0.513
218 0.513156
218 0.513312
218 0.513467
218 0.513623
218 0.513779
218 0.513934
218 0.51409
218 0.514246
218 0.514401
218 0.514557
218 0.514713
218 0.514868
218 0.515024
218 0.51518
218 0.515336
218 0.515491
218 0.515647
218 0.515803
218 0.515958
218 0.516114
218 0.51627
218 0.516425
218 0.516581
218 0.516737
218 0.516892
218 0.517048
218 0.517204
218 0.517359
218 0.517515
218 0.517671
218 0.517827
218 0.517982
218 0.518138
218 0.518294
218 0.518449
218 0.518605
218 0.518761
218 0.518916
218 0.519072
218 0.519228
218 0.519383
218 0.519539
218 0.519695
218 0.519851
218 0.520006
218 0.520162
218 0.520318
218 0.520473
218 0.520629
218 0.520785
218 0.52094
218 0.521096
218 0.521252
218 0.521407
218 0.521563
218 0.521719
218 0.521875
218 0.52203
218 0.522186
218 0.522342
218 0.522497
218 0.522653
218 0.522809
218 0.522964
218 0.52312
218 0.523276
218 0.523431
218 0.523587
218 0.523743
218 0.523898
218 0.524054
218 0.52421
218 0.524366
218 0.524521
218 0.524677
218 0.524833
218 0.524988
218 0.525144
218 0.5253
218 0.525455
218 0.525611
218 0.525767
218 0.525922
218 0.526078
218 0.526234
218 0.52639
218 0.526545
218 0.526701
218 0.526857
218 0.527012
218 0.527168
218 0.527324
218 0.527479
218 0.527635
218 0.527791
218 0.527946
218 0.528102
218 0.528258
218 0.528414
218 0.528569
218 0.528725
218 0.528881
218 0.529036
218 0.529192
218 0.529348
218 0.529503
218 0.529659
218 0.529815
218 0.52997
218 0.530126
218 0.530282
218 0.530437
218 0.530593
218 0.530749
218 0.530905
218 0.53106
218 0.531216
218 0.531372
218 0.531527
218 0.531683
218 0.531839
218 0.531994
218 0.53215
218 0.532306
218 0.532461
218 0.532617
218 0.532773
218 0.532929
218 0.533084
218 0.53324
218 0.533396
218 0.533551
218 0.533707
218 0.533863
218 0.534018
218 0.534174
218 0.53433
218 0.534485
218 0.534641
218 0.534797
218 0.534953
218 0.535108
218 0.535264
218 0.53542
218 0.535575
218 0.535731
218 0.535887
218 0.536042
218 0.536198
218 0.536354
218 0.536509
218 0.536665
218 0.536821
218 0.536976
218 0.537132
218 0.537288
218 0.537444
218 0.537599
218 0.537755
218 0.537911
218 0.538066
218 0.538222
218 0.538378
218 0.538533
218 0.538689
218 0.538845
218 0.539
218 0.539156
218 0.539312
218 0.539468
218 0.539623
218 0.539779
218 0.539935
218 0.54009
218 0.540246
218 0.540402
218 0.540557
218 0.540713
218 0.540869
218 0.541024
218 0.54118
218 0.541336
218 0.541492
218 0.541647
218 0.541803
218 0.541959
218 0.542114
218 0.54227
218 0.542426
218 0.542581
218 0.542737
218 0.542893
218 0.543048
218 0.543204
218 0.54336
218 0.543515
218 0.543671
218 0.543827
218 0.543983
218 0.544138
218 0.544294
218 0.54445
218 0.544605
218 0.544761
218 0.544917
218 0.545072
218 0.545228
218 0.545384
218 0.545539
218 0.545695
218 0.545851
218 0.546007
218 0.546162
218 0.546318
218 0.546474
218 0.546629
218 0.546785
218 0.546941
218 0.547096
218 0.547252
218 0.547408
218 0.547563
218 0.547719
218 0.547875
218 0.548031
218 0.548186
218 0.548342
218 0.548498
218 0.548653
218 0.548809
218 0.548965
218 0.54912
218 0.549276
218 0.549432
218 0.549587
218 0.549743
218 0.549899
218 0.550054
218 0.55021
218 0.550366
218 0.550522
218 0.550677
218 0.550833
218 0.550989
218 0.551144
218 0.5513
218 0.551456
218 0.551611
218 0.551767
218 0.551923
218 0.552078
218 0.552234
218 0.55239
218 0.552546
218 0.552701
218 0.552857
218 0.553013
218 0.553168
218 0.553324
218 0.55348
218 0.553635
218 0.553791
218 0.553947
218 0.554102
218 0.554258
218 0.554414
218 0.55457
218 0.554725
218 0.554881
218 0.555037
218 0.555192
218 0.555348
218 0.555504
218 0.555659
218 0.555815
218 0.555971
218 0.556126
218 0.556282
218 0.556438
218 0.556593
218 0.556749
218 0.556905
218 0.557061
218 0.557216
218 0.557372
218 0.557528
218 0.557683
218 0.557839
218 0.557995
218 0.55815
218 0.558306
218 0.558462
218 0.558617
218 0.558773
218 0.558929
218 0.559085
218 0.55924
218 0.559396
218 0.559552
218 0.559707
218 0.559863
218 0.560019
218 0.560174
218 0.56033
218 0.560486
218 0.560641
218 0.560797
218 0.560953
218 0.561109
218 0.561264
218 0.56142
218 0.561576
218 0.561731
218 0.561887
218 0.562043
218 0.562198
218 0.562354
218 0.56251
218 0.562665
218 0.562821
218 0.562977
218 0.563132
218 0.563288
218 0.563444
218 0.5636
218 0.563755
218 0.563911
218 0.564067
218 0.564222
218 0.564378
218 0.564534
218 0.564689
218 0.564845
218 0.565001
218 0.565156
218 0.565312
218 0.565468
218 0.565624
218 0.565779
218 0.565935
218 0.566091
218 0.566246
218 0.566402
218 0.566558
218 0.566713
218 0.566869
218 0.567025
218 0.56718
218 0.567336
218 0.567492
218 0.567648
218 0.567803
218 0.567959
218 0.568115
218 0.56827
218 0.568426
218 0.568582
218 0.568737
218 0.568893
218 0.569049
218 0.569204
218 0.56936
218 0.569516
218 0.569671
218 0.569827
218 0.569983
218 0.570139
218 0.570294
218 0.57045
218 0.570606
218 0.570761
218 0.570917
218 0.571073
218 0.571228
218 0.571384
218 0.57154
218 0.571695
218 0.571851
218 0.572007
218 0.572163
218 0.572318
218 0.572474
218 0.57263
218 0.572785
218 0.572941
218 0.573097
218 0.573252
218 0.573408
218 0.573564
218 0.573719
218 0.573875
218 0.574031
218 0.574187
218 0.574342
218 0.574498
218 0.574654
218 0.574809
218 0.574965
218 0.575121
218 0.575276
218 0.575432
218 0.575588
218 0.575743
218 0.575899
218 0.576055
218 0.57621
218 0.576366
218 0.576522
218 0.576678
218 0.576833
218 0.576989
218 0.577145
218 0.5773
218 0.577456
218 0.577612
218 0.577767
218 0.577923
218 0.578079
218 0.578234
218 0.57839
218 0.578546
218 0.578702
218 0.578857
218 0.579013
218 0.579169
218 0.579324
218 0.57948
218 0.579636
218 0.579791
218 0.579947
218 0.580103
218 0.580258
218 0.580414
218 0.58057
218 0.580726
218 0.580881
218 0.581037
218 0.581193
218 0.581348
218 0.581504
218 0.58166
218 0.581815
218 0.581971
218 0.582127
218 0.582282
218 0.582438
218 0.582594
218 0.582749
218 0.582905
218 0.583061
218 0.583217
218 0.583372
218 0.583528
218 0.583684
218 0.583839
218 0.583995
218 0.584151
218 0.584306
218 0.584462
218 0.584618
218 0.584773
218 0.584929
218 0.585085
218 0.585241
218 0.585396
218 0.585552
218 0.585708
218 0.585863
218 0.586019
218 0.586175
218 0.58633
218 0.586486
218 0.586642
218 0.586797
218 0.586953
218 0.587109
218 0.587265
218 0.58742
218 0.587576
218 0.587732
218 0.587887
218 0.588043
218 0.588199
218 0.588354
218 0.58851
218 0.588666
218 0.588821
218 0.588977
218 0.589133
218 0.589288
218 0.589444
218 0.5896
218 0.589756
218 0.589911
218 0.590067
218 0.590223
218 0.590378
218 0.590534
218 0.59069
218 0.590845
218 0.591001
218 0.591157
218 0.591312
218 0.591468
218 0.591624
218 0.59178
218 0.591935
218 0.592091
218 0.592247
218 0.592402
218 0.592558
218 0.592714
218 0.592869
218 0.593025
218 0.593181
218 0.593336
218 0.593492
218 0.593648
218 0.593804
218 0.593959
218 0.594115
218 0.594271
218 0.594426
218 0.594582
218 0.594738
218 0.594893
218 0.595049
218 0.595205
218 0.59536
218 0.595516
218 0.595672
218 0.595827
218 0.595983
218 0.596139
218 0.596295
218 0.59645
218 0.596606
218 0.596762
218 0.596917
218 0.597073
218 0.597229
218 0.597384
218 0.59754
218 0.597696
218 0.597851
218 0.598007
218 0.598163
218 0.598319
218 0.598474
218 0.59863
218 0.598786
218 0.598941
218 0.599097
218 0.599253
218 0.599408
218 0.599564
218 0.59972
218 0.599875
218 0.600031
218 0.600187
218 0.600343
218 0.600498
218 0.600654
218 0.60081
218 0.600965
218 0.601121
218 0.601277
218 0.601432
218 0.601588
218 0.601744
218 0.601899
218 0.602055
218 0.602211
218 0.602366
218 0.602522
218 0.602678
218 0.602834
218 0.602989
218 0.603145
218 0.603301
218 0.603456
218 0.603612
218 0.603768
218 0.603923
218 0.604079
218 0.604235
218 0.60439
218 0.604546
218 0.604702
218 0.604858
218 0.605013
218 0.605169
218 0.605325
218 0.60548
218 0.605636
218 0.605792
218 0.605947
218 0.606103
218 0.606259
218 0.606414
218 0.60657
218 0.606726
218 0.606882
218 0.607037
218 0.607193
218 0.607349
218 0.607504
218 0.60766
218 0.607816
218 0.607971
218 0.608127
218 0.608283
218 0.608438
218 0.608594
218 0.60875
218 0.608905
218 0.609061
218 0.609217
218 0.609373
218 0.609528
218 0.609684
218 0.60984
218 0.609995
218 0.610151
218 0.610307
218 0.610462
218 0.610618
218 0.610774
218 0.610929
218 0.611085
218 0.611241
218 0.611397
218 0.611552
218 0.611708
218 0.611864
218 0.612019
218 0.612175
218 0.612331
218 0.612486
218 0.612642
218 0.612798
218 0.612953
218 0.613109
218 0.613265
218 0.613421
218 0.613576
218 0.613732
218 0.613888
218 0.614043
218 0.614199
218 0.614355
218 0.61451
218 0.614666
218 0.614822
218 0.614977
218 0.615133
218 0.615289
218 0.615444
218 0.6156
218 0.615756
218 0.615912
218 0.616067
218 0.616223
218 0.616379
218 0.616534
218 0.61669
218 0.616846
218 0.617001
218 0.617157
218 0.617313
218 0.617468
218 0.617624
218 0.61778
218 0.617936
218 0.618091
218 0.618247
218 0.618403
218 0.618558
218 0.618714
218 0.61887
218 0.619025
218 0.619181
218 0.619337
218 0.619492
218 0.619648
218 0.619804
218 0.61996
218 0.620115
218 0.620271
218 0.620427
218 0.620582
218 0.620738
218 0.620894
218 0.621049
218 0.621205
218 0.621361
218 0.621516
218 0.621672
218 0.621828
218 0.621983
218 0.622139
218 0.622295
218 0.622451
218 0.622606
218 0.622762
218 0.622918
218 0.623073
218 0.623229
218 0.623385
218 0.62354
218 0.623696
218 0.623852
218 0.624007
218 0.624163
218 0.624319
218 0.624475
218 0.62463
218 0.624786
218 0.624942
218 0.625097
218 0.625253
218 0.625409
218 0.625564
218 0.62572
218 0.625876
218 0.626031
218 0.626187
218 0.626343
218 0.626499
218 0.626654
218 0.62681
218 0.626966
218 0.627121
218 0.627277
218 0.627433
218 0.627588
218 0.627744
218 0.6279
218 0.628055
218 0.628211
218 0.628367
218 0.628522
218 0.628678
218 0.628834
218 0.62899
218 0.629145
218 0.629301
218 0.629457
218 0.629612
218 0.629768
218 0.629924
218 0.630079
218 0.630235
218 0.630391
218 0.630546
218 0.630702
218 0.630858
218 0.631014
218 0.631169
218 0.631325
218 0.631481
218 0.631636
218 0.631792
218 0.631948
218 0.632103
218 0.632259
218 0.632415
218 0.63257
218 0.632726
218 0.632882
218 0.633038
218 0.633193
218 0.633349
218 0.633505
218 0.63366
218 0.633816
218 0.633972
218 0.634127
218 0.634283
218 0.634439
218 0.634594
218 0.63475
218 0.634906
218 0.635061
218 0.635217
218 0.635373
218 0.635529
218 0.635684
218 0.63584
218 0.635996
218 0.636151
218 0.636307
218 0.636463
218 0.636618
218 0.636774
218 0.63693
218 0.637085
218 0.637241
218 0.637397
218 0.637553
218 0.637708
218 0.637864
218 0.63802
218 0.638175
218 0.638331
218 0.638487
218 0.638642
218 0.638798
218 0.638954
218 0.639109
218 0.639265
218 0.639421
218 0.639577
218 0.639732
218 0.639888
218 0.640044
218 0.640199
218 0.640355
218 0.640511
218 0.640666
218 0.640822
218 0.640978
218 0.641133
218 0.641289
218 0.641445
218 0.6416
218 0.641756
218 0.641912
218 0.642068
218 0.642223
218 0.642379
218 0.642535
218 0.64269
218 0.642846
218 0.643002
218 0.643157
218 0.643313
218 0.643469
218 0.643624
218 0.64378
218 0.643936
218 0.644092
218 0.644247
218 0.644403
218 0.644559
218 0.644714
218 0.64487
218 0.645026
218 0.645181
218 0.645337
218 0.645493
218 0.645648
218 0.645804
218 0.64596
218 0.646116
218 0.646271
218 0.646427
218 0.646583
218 0.646738
218 0.646894
218 0.64705
218 0.647205
218 0.647361
218 0.647517
218 0.647672
218 0.647828
218 0.647984
218 0.648139
218 0.648295
218 0.648451
218 0.648607
218 0.648762
218 0.648918
218 0.649074
218 0.649229
218 0.649385
218 0.649541
218 0.649696
218 0.649852
218 0.650008
218 0.650163
218 0.650319
218 0.650475
218 0.650631
218 0.650786
218 0.650942
218 0.651098
218 0.651253
218 0.651409
218 0.651565
218 0.65172
218 0.651876
218 0.652032
218 0.652187
218 0.652343
218 0.652499
218 0.652655
218 0.65281
218 0.652966
218 0.653122
218 0.653277
218 0.653433
218 0.653589
218 0.653744
218 0.6539
218 0.654056
218 0.654211
218 0.654367
218 0.654523
218 0.654678
218 0.654834
218 0.65499
218 0.655146
218 0.655301
218 0.655457
218 0.655613
218 0.655768
218 0.655924
218 0.65608
218 0.656235
218 0.656391
218 0.656547
218 0.656702
218 0.656858
218 0.657014
218 0.65717
218 0.657325
218 0.657481
218 0.657637
218 0.657792
218 0.657948
218 0.658104
218 0.658259
218 0.658415
218 0.658571
218 0.658726
218 0.658882
218 0.659038
218 0.659194
218 0.659349
218 0.659505
218 0.659661
218 0.659816
218 0.659972
218 0.660128
218 0.660283
218 0.660439
218 0.660595
218 0.66075
218 0.660906
218 0.661062
218 0.661217
218 0.661373
218 0.661529
218 0.661685
218 0.66184
218 0.661996
218 0.662152
218 0.662307
218 0.662463
218 0.662619
218 0.662774
218 0.66293
218 0.663086
218 0.663241
218 0.663397
218 0.663553
218 0.663709
218 0.663864
218 0.66402
218 0.664176
218 0.664331
218 0.664487
218 0.664643
218 0.664798
218 0.664954
218 0.66511
218 0.665265
218 0.665421
218 0.665577
218 0.665733
218 0.665888
218 0.666044
218 0.6662
218 0.666355
218 0.666511
218 0.666667
218 0.666822
218 0.666978
218 0.667134
218 0.667289
218 0.667445
218 0.667601
218 0.667757
218 0.667912
218 0.668068
218 0.668224
218 0.668379
218 0.668535
218 0.668691
218 0.668846
218 0.669002
218 0.669158
218 0.669313
218 0.669469
218 0.669625
218 0.66978
218 0.669936
218 0.670092
218 0.670248
218 0.670403
218 0.670559
218 0.670715
218 0.67087
218 0.671026
218 0.671182
218 0.671337
218 0.671493
218 0.671649
218 0.671804
218 0.67196
218 0.672116
218 0.672272
218 0.672427
218 0.672583
218 0.672739
218 0.672894
218 0.67305
218 0.673206
218 0.673361
218 0.673517
218 0.673673
218 0.673828
218 0.673984
218 0.67414
218 0.674296
218 0.674451
218 0.674607
218 0.674763
218 0.674918
218 0.675074
218 0.67523
218 0.675385
218 0.675541
218 0.675697
218 0.675852
218 0.676008
218 0.676164
218 0.676319
218 0.676475
218 0.676631
218 0.676787
218 0.676942
218 0.677098
218 0.677254
218 0.677409
218 0.677565
218 0.677721
218 0.677876
218 0.678032
218 0.678188
218 0.678343
218 0.678499
218 0.678655
218 0.678811
218 0.678966
218 0.679122
218 0.679278
218 0.679433
218 0.679589
218 0.679745
218 0.6799
218 0.680056
218 0.680212
218 0.680367
218 0.680523
218 0.680679
218 0.680835
218 0.68099
218 0.681146
218 0.681302
218 0.681457
218 0.681613
218 0.681769
218 0.681924
218 0.68208
218 0.682236
218 0.682391
218 0.682547
218 0.682703
218 0.682858
218 0.683014
218 0.68317
218 0.683326
218 0.683481
218 0.683637
218 0.683793
218 0.683948
218 0.684104
218 0.68426
218 0.684415
218 0.684571
218 0.684727
218 0.684882
218 0.685038
218 0.685194
218 0.68535
218 0.685505
218 0.685661
218 0.685817
218 0.685972
218 0.686128
218 0.686284
218 0.686439
218 0.686595
218 0.686751
218 0.686906
218 0.687062
218 0.687218
218 0.687374
218 0.687529
218 0.687685
218 0.687841
218 0.687996
218 0.688152
218 0.688308
218 0.688463
218 0.688619
218 0.688775
218 0.68893
218 0.689086
218 0.689242
218 0.689397
218 0.689553
218 0.689709
218 0.689865
218 0.69002
218 0.690176
218 0.690332
218 0.690487
218 0.690643
218 0.690799
218 0.690954
218 0.69111
218 0.691266
218 0.691421
218 0.691577
218 0.691733
218 0.691889
218 0.692044
218 0.6922
218 0.692356
218 0.692511
218 0.692667
218 0.692823
218 0.692978
218 0.693134
218 0.69329
218 0.693445
218 0.693601
218 0.693757
218 0.693913
218 0.694068
218 0.694224
218 0.69438
218 0.694535
218 0.694691
218 0.694847
218 0.695002
218 0.695158
218 0.695314
218 0.695469
218 0.695625
218 0.695781
218 0.695936
218 0.696092
218 0.696248
218 0.696404
218 0.696559
218 0.696715
218 0.696871
218 0.697026
218 0.697182
218 0.697338
218 0.697493
218 0.697649
218 0.697805
218 0.69796
218 0.698116
218 0.698272
218 0.698428
218 0.698583
218 0.698739
218 0.698895
218 0.69905
218 0.699206
218 0.699362
218 0.699517
218 0.699673
218 0.699829
218 0.699984
218 0.70014
218 0.700296
218 0.700452
218 0.700607
218 0.700763
218 0.700919
218 0.701074
218 0.70123
218 0.701386
218 0.701541
218 0.701697
218 0.701853
218 0.702008
218 0.702164
218 0.70232
218 0.702475
218 0.702631
218 0.702787
218 0.702943
218 0.703098
218 0.703254
218 0.70341
218 0.703565
218 0.703721
218 0.703877
218 0.704032
218 0.704188
218 0.704344
218 0.704499
218 0.704655
218 0.704811
218 0.704967
218 0.705122
218 0.705278
218 0.705434
218 0.705589
218 0.705745
218 0.705901
218 0.706056
218 0.706212
218 0.706368
218 0.706523
218 0.706679
218 0.706835
218 0.706991
218 0.707146
218 0.707302
218 0.707458
218 0.707613
218 0.707769
218 0.707925
218 0.70808
218 0.708236
218 0.708392
218 0.708547
218 0.708703
218 0.708859
218 0.709014
218 0.70917
218 0.709326
218 0.709482
218 0.709637
218 0.709793
218 0.709949
218 0.710104
218 0.71026
218 0.710416
218 0.710571
218 0.710727
218 0.710883
218 0.711038
218 0.711194
218 0.71135
218 0.711506
218 0.711661
218 0.711817
218 0.711973
218 0.712128
218 0.712284
218 0.71244
218 0.712595
218 0.712751
218 0.712907
218 0.713062
218 0.713218
218 0.713374
218 0.71353
218 0.713685
218 0.713841
218 0.713997
218 0.714152
218 0.714308
218 0.714464
218 0.714619
218 0.714775
218 0.714931
218 0.715086
218 0.715242
218 0.715398
218 0.715553
218 0.715709
218 0.715865
218 0.716021
218 0.716176
218 0.716332
218 0.716488
218 0.716643
218 0.716799
218 0.716955
218 0.71711
218 0.717266
218 0.717422
218 0.717577
218 0.717733
218 0.717889
218 0.718045
218 0.7182
218 0.718356
218 0.718512
218 0.718667
218 0.718823
218 0.718979
218 0.719134
218 0.71929
218 0.719446
218 0.719601
218 0.719757
218 0.719913
218 0.720069
218 0.720224
218 0.72038
218 0.720536
218 0.720691
218 0.720847
218 0.721003
218 0.721158
218 0.721314
218 0.72147
218 0.721625
218 0.721781
218 0.721937
218 0.722092
218 0.722248
218 0.722404
218 0.72256
218 0.722715
218 0.722871
218 0.723027
218 0.723182
218 0.723338
218 0.723494
218 0.723649
218 0.723805
218 0.723961
218 0.724116
218 0.724272
218 0.724428
218 0.724584
218 0.724739
218 0.724895
218 0.725051
218 0.725206
218 0.725362
218 0.725518
218 0.725673
218 0.725829
218 0.725985
218 0.72614
218 0.726296
218 0.726452
218 0.726608
218 0.726763
218 0.726919
218 0.727075
218 0.72723
218 0.727386
218 0.727542
218 0.727697
218 0.727853
218 0.728009
218 0.728164
218 0.72832
218 0.728476
218 0.728631
218 0.728787
218 0.728943
218 0.729099
218 0.729254
218 0.72941
218 0.729566
218 0.729721
218 0.729877
218 0.730033
218 0.730188
218 0.730344
218 0.7305
218 0.730655
218 0.730811
218 0.730967
218 0.731123
218 0.731278
218 0.731434
218 0.73159
218 0.731745
218 0.731901
218 0.732057
218 0.732212
218 0.732368
218 0.732524
218 0.732679
218 0.732835
218 0.732991
218 0.733147
218 0.733302
218 0.733458
218 0.733614
218 0.733769
218 0.733925
218 0.734081
218 0.734236
218 0.734392
218 0.734548
218 0.734703
218 0.734859
218 0.735015
218 0.73517
218 0.735326
218 0.735482
218 0.735638
218 0.735793
218 0.735949
218 0.736105
218 0.73626
218 0.736416
218 0.736572
218 0.736727
218 0.736883
218 0.737039
218 0.737194
218 0.73735
218 0.737506
218 0.737662
218 0.737817
218 0.737973
218 0.738129
218 0.738284
218 0.73844
218 0.738596
218 0.738751
218 0.738907
218 0.739063
218 0.739218
218 0.739374
218 0.73953
218 0.739686
218 0.739841
218 0.739997
218 0.740153
218 0.740308
218 0.740464
218 0.74062
218 0.740775
218 0.740931
218 0.741087
218 0.741242
218 0.741398
218 0.741554
218 0.741709
218 0.741865
218 0.742021
218 0.742177
218 0.742332
218 0.742488
218 0.742644
218 0.742799
218 0.742955
218 0.743111
218 0.743266
218 0.743422
218 0.743578
218 0.743733
218 0.743889
218 0.744045
218 0.744201
218 0.744356
218 0.744512
218 0.744668
218 0.744823
218 0.744979
218 0.745135
218 0.74529
218 0.745446
218 0.745602
218 0.745757
218 0.745913
218 0.746069
218 0.746225
218 0.74638
218 0.746536
218 0.746692
218 0.746847
218 0.747003
218 0.747159
218 0.747314
218 0.74747
218 0.747626
218 0.747781
218 0.747937
218 0.748093
218 0.748248
218 0.748404
218 0.74856
218 0.748716
218 0.748871
218 0.749027
218 0.749183
218 0.749338
218 0.749494
218 0.74965
218 0.749805
218 0.749961
218 0.750117
218 0.750272
218 0.750428
218 0.750584
218 0.75074
218 0.750895
218 0.751051
218 0.751207
218 0.751362
218 0.751518
218 0.751674
218 0.751829
218 0.751985
218 0.752141
218 0.752296
218 0.752452
218 0.752608
218 0.752764
218 0.752919
218 0.753075
218 0.753231
218 0.753386
218 0.753542
218 0.753698
218 0.753853
218 0.754009
218 0.754165
218 0.75432
218 0.754476
218 0.754632
218 0.754787
218 0.754943
218 0.755099
218 0.755255
218 0.75541
218 0.755566
218 0.755722
218 0.755877
218 0.756033
218 0.756189
218 0.756344
218 0.7565
218 0.756656
218 0.756811
218 0.756967
218 0.757123
218 0.757279
218 0.757434
218 0.75759
218 0.757746
218 0.757901
218 0.758057
218 0.758213
218 0.758368
218 0.758524
218 0.75868
218 0.758835
218 0.758991
218 0.759147
218 0.759303
218 0.759458
218 0.759614
218 0.75977
218 0.759925
218 0.760081
218 0.760237
218 0.760392
218 0.760548
218 0.760704
218 0.760859
218 0.761015
218 0.761171
218 0.761326
218 0.761482
218 0.761638
218 0.761794
218 0.761949
218 0.762105
218 0.762261
218 0.762416
218 0.762572
218 0.762728
218 0.762883
218 0.763039
218 0.763195
218 0.76335
218 0.763506
218 0.763662
218 0.763818
218 0.763973
218 0.764129
218 0.764285
218 0.76444
218 0.764596
218 0.764752
218 0.764907
218 0.765063
218 0.765219
218 0.765374
218 0.76553
218 0.765686
218 0.765842
218 0.765997
218 0.766153
218 0.766309
218 0.766464
218 0.76662
218 0.766776
218 0.766931
218 0.767087
218 0.767243
218 0.767398
218 0.767554
218 0.76771
218 0.767865
218 0.768021
218 0.768177
218 0.768333
218 0.768488
218 0.768644
218 0.7688
218 0.768955
218 0.769111
218 0.769267
218 0.769422
218 0.769578
218 0.769734
218 0.769889
218 0.770045
218 0.770201
218 0.770357
218 0.770512
218 0.770668
218 0.770824
218 0.770979
218 0.771135
218 0.771291
218 0.771446
218 0.771602
218 0.771758
218 0.771913
218 0.772069
218 0.772225
218 0.772381
218 0.772536
218 0.772692
218 0.772848
218 0.773003
218 0.773159
218 0.773315
218 0.77347
218 0.773626
218 0.773782
218 0.773937
218 0.774093
218 0.774249
218 0.774404
218 0.77456
218 0.774716
218 0.774872
218 0.775027
218 0.775183
218 0.775339
218 0.775494
218 0.77565
218 0.775806
218 0.775961
218 0.776117
218 0.776273
218 0.776428
218 0.776584
218 0.77674
218 0.776896
218 0.777051
218 0.777207
218 0.777363
218 0.777518
218 0.777674
218 0.77783
218 0.777985
218 0.778141
218 0.778297
218 0.778452
218 0.778608
218 0.778764
218 0.77892
218 0.779075
218 0.779231
218 0.779387
218 0.779542
218 0.779698
218 0.779854
218 0.780009
218 0.780165
218 0.780321
218 0.780476
218 0.780632
218 0.780788
218 0.780943
218 0.781099
218 0.781255
218 0.781411
218 0.781566
218 0.781722
218 0.781878
218 0.782033
218 0.782189
218 0.782345
218 0.7825
218 0.782656
218 0.782812
218 0.782967
218 0.783123
218 0.783279
218 0.783435
218 0.78359
218 0.783746
218 0.783902
218 0.784057
218 0.784213
218 0.784369
218 0.784524
218 0.78468
218 0.784836
218 0.784991
218 0.785147
218 0.785303
218 0.785459
218 0.785614
218 0.78577
218 0.785926
218 0.786081
218 0.786237
218 0.786393
218 0.786548
218 0.786704
218 0.78686
218 0.787015
218 0.787171
218 0.787327
218 0.787482
218 0.787638
218 0.787794
218 0.78795
218 0.788105
218 0.788261
218 0.788417
218 0.788572
218 0.788728
218 0.788884
218 0.789039
218 0.789195
218 0.789351
218 0.789506
218 0.789662
218 0.789818
218 0.789974
218 0.790129
218 0.790285
218 0.790441
218 0.790596
218 0.790752
218 0.790908
218 0.791063
218 0.791219
218 0.791375
218 0.79153
218 0.791686
218 0.791842
218 0.791998
218 0.792153
218 0.792309
218 0.792465
218 0.79262
218 0.792776
218 0.792932
218 0.793087
218 0.793243
218 0.793399
218 0.793554
218 0.79371
218 0.793866
218 0.794021
218 0.794177
218 0.794333
218 0.794489
218 0.794644
218 0.7948
218 0.794956
218 0.795111
218 0.795267
218 0.795423
218 0.795578
218 0.795734
218 0.79589
218 0.796045
218 0.796201
218 0.796357
218 0.796513
218 0.796668
218 0.796824
218 0.79698
218 0.797135
218 0.797291
218 0.797447
218 0.797602
218 0.797758
218 0.797914
218 0.798069
218 0.798225
218 0.798381
218 0.798537
218 0.798692
218 0.798848
218 0.799004
218 0.799159
218 0.799315
218 0.799471
218 0.799626
218 0.799782
218 0.799938
218 0.800093
218 0.800249
218 0.800405
218 0.80056
218 0.800716
218 0.800872
218 0.801028
218 0.801183
218 0.801339
218 0.801495
218 0.80165
218 0.801806
218 0.801962
218 0.802117
218 0.802273
218 0.802429
218 0.802584
218 0.80274
218 0.802896
218 0.803052
218 0.803207
218 0.803363
218 0.803519
218 0.803674
218 0.80383
218 0.803986
218 0.804141
218 0.804297
218 0.804453
218 0.804608
218 0.804764
218 0.80492
218 0.805076
218 0.805231
218 0.805387
218 0.805543
218 0.805698
218 0.805854
218 0.80601
218 0.806165
218 0.806321
218 0.806477
218 0.806632
218 0.806788
218 0.806944
218 0.807099
218 0.807255
218 0.807411
218 0.807567
218 0.807722
218 0.807878
218 0.808034
218 0.808189
218 0.808345
218 0.808501
218 0.808656
218 0.808812
218 0.808968
218 0.809123
218 0.809279
218 0.809435
218 0.809591
218 0.809746
218 0.809902
218 0.810058
218 0.810213
218 0.810369
218 0.810525
218 0.81068
218 0.810836
218 0.810992
218 0.811147
218 0.811303
218 0.811459
218 0.811615
218 0.81177
218 0.811926
218 0.812082
218 0.812237
218 0.812393
218 0.812549
218 0.812704
218 0.81286
218 0.813016
218 0.813171
218 0.813327
218 0.813483
218 0.813638
218 0.813794
218 0.81395
218 0.814106
218 0.814261
218 0.814417
218 0.814573
218 0.814728
218 0.814884
218 0.81504
218 0.815195
218 0.815351
218 0.815507
218 0.815662
218 0.815818
218 0.815974
218 0.81613
218 0.816285
218 0.816441
218 0.816597
218 0.816752
218 0.816908
218 0.817064
218 0.817219
218 0.817375
218 0.817531
218 0.817686
218 0.817842
218 0.817998
218 0.818154
218 0.818309
218 0.818465
218 0.818621
218 0.818776
218 0.818932
218 0.819088
218 0.819243
218 0.819399
218 0.819555
218 0.81971
218 0.819866
218 0.820022
218 0.820177
218 0.820333
218 0.820489
218 0.820645
218 0.8208
218 0.820956
218 0.821112
218 0.821267
218 0.821423
218 0.821579
218 0.821734
218 0.82189
218 0.822046
218 0.822201
218 0.822357
218 0.822513
218 0.822669
218 0.822824
218 0.82298
218 0.823136
218 0.823291
218 0.823447
218 0.823603
218 0.823758
218 0.823914
218 0.82407
218 0.824225
218 0.824381
218 0.824537
218 0.824693
218 0.824848
218 0.825004
218 0.82516
218 0.825315
218 0.825471
218 0.825627
218 0.825782
218 0.825938
218 0.826094
218 0.826249
218 0.826405
218 0.826561
218 0.826716
218 0.826872
218 0.827028
218 0.827184
218 0.827339
218 0.827495
218 0.827651
218 0.827806
218 0.827962
218 0.828118
218 0.828273
218 0.828429
218 0.828585
218 0.82874
218 0.828896
218 0.829052
218 0.829208
218 0.829363
218 0.829519
218 0.829675
218 0.82983
218 0.829986
218 0.830142
218 0.830297
218 0.830453
218 0.830609
218 0.830764
218 0.83092
218 0.831076
218 0.831232
218 0.831387
218 0.831543
218 0.831699
218 0.831854
218 0.83201
218 0.832166
218 0.832321
218 0.832477
218 0.832633
218 0.832788
218 0.832944
218 0.8331
218 0.833255
218 0.833411
218 0.833567
218 0.833723
218 0.833878
218 0.834034
218 0.83419
218 0.834345
218 0.834501
218 0.834657
218 0.834812
218 0.834968
218 0.835124
218 0.835279
218 0.835435
218 0.835591
218 0.835747
218 0.835902
218 0.836058
218 0.836214
218 0.836369
218 0.836525
218 0.836681
218 0.836836
218 0.836992
218 0.837148
218 0.837303
218 0.837459
218 0.837615
218 0.837771
218 0.837926
218 0.838082
218 0.838238
218 0.838393
218 0.838549
218 0.838705
218 0.83886
218 0.839016
218 0.839172
218 0.839327
218 0.839483
218 0.839639
218 0.839794
218 0.83995
218 0.840106
218 0.840262
218 0.840417
218 0.840573
218 0.840729
218 0.840884
218 0.84104
218 0.841196
218 0.841351
218 0.841507
218 0.841663
218 0.841818
218 0.841974
218 0.84213
218 0.842286
218 0.842441
218 0.842597
218 0.842753
218 0.842908
218 0.843064
218 0.84322
218 0.843375
218 0.843531
218 0.843687
218 0.843842
218 0.843998
218 0.844154
218 0.84431
218 0.844465
218 0.844621
218 0.844777
218 0.844932
218 0.845088
218 0.845244
218 0.845399
218 0.845555
218 0.845711
218 0.845866
218 0.846022
218 0.846178
218 0.846333
218 0.846489
218 0.846645
218 0.846801
218 0.846956
218 0.847112
218 0.847268
218 0.847423
218 0.847579
218 0.847735
218 0.84789
218 0.848046
218 0.848202
218 0.848357
218 0.848513
218 0.848669
218 0.848825
218 0.84898
218 0.849136
218 0.849292
218 0.849447
218 0.849603
218 0.849759
218 0.849914
218 0.85007
218 0.850226
218 0.850381
218 0.850537
218 0.850693
218 0.850849
218 0.851004
218 0.85116
218 0.851316
218 0.851471
218 0.851627
218 0.851783
218 0.851938
218 0.852094
218 0.85225
218 0.852405
218 0.852561
218 0.852717
218 0.852872
218 0.853028
218 0.853184
218 0.85334
218 0.853495
218 0.853651
218 0.853807
218 0.853962
218 0.854118
218 0.854274
218 0.854429
218 0.854585
218 0.854741
218 0.854896
218 0.855052
218 0.855208
218 0.855364
218 0.855519
218 0.855675
218 0.855831
218 0.855986
218 0.856142
218 0.856298
218 0.856453
218 0.856609
218 0.856765
218 0.85692
218 0.857076
218 0.857232
218 0.857388
218 0.857543
218 0.857699
218 0.857855
218 0.85801
218 0.858166
218 0.858322
218 0.858477
218 0.858633
218 0.858789
218 0.858944
218 0.8591
218 0.859256
218 0.859411
218 0.859567
218 0.859723
218 0.859879
218 0.860034
218 0.86019
218 0.860346
218 0.860501
218 0.860657
218 0.860813
218 0.860968
218 0.861124
218 0.86128
218 0.861435
218 0.861591
218 0.861747
218 0.861903
218 0.862058
218 0.862214
218 0.86237
218 0.862525
218 0.862681
218 0.862837
218 0.862992
218 0.863148
218 0.863304
218 0.863459
218 0.863615
218 0.863771
218 0.863927
218 0.864082
218 0.864238
218 0.864394
218 0.864549
218 0.864705
218 0.864861
218 0.865016
218 0.865172
218 0.865328
218 0.865483
218 0.865639
218 0.865795
218 0.86595
218 0.866106
218 0.866262
218 0.866418
218 0.866573
218 0.866729
218 0.866885
218 0.86704
218 0.867196
218 0.867352
218 0.867507
218 0.867663
218 0.867819
218 0.867974
218 0.86813
218 0.868286
218 0.868442
218 0.868597
218 0.868753
218 0.868909
218 0.869064
218 0.86922
218 0.869376
218 0.869531
218 0.869687
218 0.869843
218 0.869998
218 0.870154
218 0.87031
218 0.870466
218 0.870621
218 0.870777
218 0.870933
218 0.871088
218 0.871244
218 0.8714
218 0.871555
218 0.871711
218 0.871867
218 0.872022
218 0.872178
218 0.872334
218 0.872489
218 0.872645
218 0.872801
218 0.872957
218 0.873112
218 0.873268
218 0.873424
218 0.873579
218 0.873735
218 0.873891
218 0.874046
218 0.874202
218 0.874358
218 0.874513
218 0.874669
218 0.874825
218 0.874981
218 0.875136
218 0.875292
218 0.875448
218 0.875603
218 0.875759
218 0.875915
218 0.87607
218 0.876226
218 0.876382
218 0.876537
218 0.876693
218 0.876849
218 0.877005
218 0.87716
218 0.877316
218 0.877472
218 0.877627
218 0.877783
218 0.877939
218 0.878094
218 0.87825
218 0.878406
218 0.878561
218 0.878717
218 0.878873
218 0.879028
218 0.879184
218 0.87934
218 0.879496
218 0.879651
218 0.879807
218 0.879963
218 0.880118
218 0.880274
218 0.88043
218 0.880585
218 0.880741
218 0.880897
218 0.881052
218 0.881208
218 0.881364
218 0.88152
218 0.881675
218 0.881831
218 0.881987
218 0.882142
218 0.882298
218 0.882454
218 0.882609
218 0.882765
218 0.882921
218 0.883076
218 0.883232
218 0.883388
218 0.883544
218 0.883699
218 0.883855
218 0.884011
218 0.884166
218 0.884322
218 0.884478
218 0.884633
218 0.884789
218 0.884945
218 0.8851
218 0.885256
218 0.885412
218 0.885567
218 0.885723
218 0.885879
218 0.886035
218 0.88619
218 0.886346
218 0.886502
218 0.886657
218 0.886813
218 0.886969
218 0.887124
218 0.88728
218 0.887436
218 0.887591
218 0.887747
218 0.887903
218 0.888059
218 0.888214
218 0.88837
218 0.888526
218 0.888681
218 0.888837
218 0.888993
218 0.889148
218 0.889304
218 0.88946
218 0.889615
218 0.889771
218 0.889927
218 0.890083
218 0.890238
218 0.890394
218 0.89055
218 0.890705
218 0.890861
218 0.891017
218 0.891172
218 0.891328
218 0.891484
218 0.891639
218 0.891795
218 0.891951
218 0.892106
218 0.892262
218 0.892418
218 0.892574
218 0.892729
218 0.892885
218 0.893041
218 0.893196
218 0.893352
218 0.893508
218 0.893663
218 0.893819
218 0.893975
218 0.89413
218 0.894286
218 0.894442
218 0.894598
218 0.894753
218 0.894909
218 0.895065
218 0.89522
218 0.895376
218 0.895532
218 0.895687
218 0.895843
218 0.895999
218 0.896154
218 0.89631
218 0.896466
218 0.896622
218 0.896777
218 0.896933
218 0.897089
218 0.897244
218 0.8974
218 0.897556
218 0.897711
218 0.897867
218 0.898023
218 0.898178
218 0.898334
218 0.89849
218 0.898645
218 0.898801
218 0.898957
218 0.899113
218 0.899268
218 0.899424
218 0.89958
218 0.899735
218 0.899891
218 0.900047
218 0.900202
218 0.900358
218 0.900514
218 0.900669
218 0.900825
218 0.900981
218 0.901137
218 0.901292
218 0.901448
218 0.901604
218 0.901759
218 0.901915
218 0.902071
218 0.902226
218 0.902382
218 0.902538
218 0.902693
218 0.902849
218 0.903005
218 0.903161
218 0.903316
218 0.903472
218 0.903628
218 0.903783
218 0.903939
218 0.904095
218 0.90425
218 0.904406
218 0.904562
218 0.904717
218 0.904873
218 0.905029
218 0.905184
218 0.90534
218 0.905496
218 0.905652
218 0.905807
218 0.905963
218 0.906119
218 0.906274
218 0.90643
218 0.906586
218 0.906741
218 0.906897
218 0.907053
218 0.907208
218 0.907364
218 0.90752
218 0.907676
218 0.907831
218 0.907987
218 0.908143
218 0.908298
218 0.908454
218 0.90861
218 0.908765
218 0.908921
218 0.909077
218 0.909232
218 0.909388
218 0.909544
218 0.9097
218 0.909855
218 0.910011
218 0.910167
218 0.910322
218 0.910478
218 0.910634
218 0.910789
218 0.910945
218 0.911101
218 0.911256
218 0.911412
218 0.911568
218 0.911723
218 0.911879
218 0.912035
218 0.912191
218 0.912346
218 0.912502
218 0.912658
218 0.912813
218 0.912969
218 0.913125
218 0.91328
218 0.913436
218 0.913592
218 0.913747
218 0.913903
218 0.914059
218 0.914215
218 0.91437
218 0.914526
218 0.914682
218 0.914837
218 0.914993
218 0.915149
218 0.915304
218 0.91546
218 0.915616
218 0.915771
218 0.915927
218 0.916083
218 0.916239
218 0.916394
218 0.91655
218 0.916706
218 0.916861
218 0.917017
218 0.917173
218 0.917328
218 0.917484
218 0.91764
218 0.917795
218 0.917951
218 0.918107
218 0.918262
218 0.918418
218 0.918574
218 0.91873
218 0.918885
218 0.919041
218 0.919197
218 0.919352
218 0.919508
218 0.919664
218 0.919819
218 0.919975
218 0.920131
218 0.920286
218 0.920442
218 0.920598
218 0.920754
218 0.920909
218 0.921065
218 0.921221
218 0.921376
218 0.921532
218 0.921688
218 0.921843
218 0.921999
218 0.922155
218 0.92231
218 0.922466
218 0.922622
218 0.922778
218 0.922933
218 0.923089
218 0.923245
218 0.9234
218 0.923556
218 0.923712
218 0.923867
218 0.924023
218 0.924179
218 0.924334
218 0.92449
218 0.924646
218 0.924801
218 0.924957
218 0.925113
218 0.925269
218 0.925424
218 0.92558
218 0.925736
218 0.925891
218 0.926047
218 0.926203
218 0.926358
218 0.926514
218 0.92667
218 0.926825
218 0.926981
218 0.927137
218 0.927293
218 0.927448
218 0.927604
218 0.92776
218 0.927915
218 0.928071
218 0.928227
218 0.928382
218 0.928538
218 0.928694
218 0.928849
218 0.929005
218 0.929161
218 0.929317
218 0.929472
218 0.929628
218 0.929784
218 0.929939
218 0.930095
218 0.930251
218 0.930406
218 0.930562
218 0.930718
218 0.930873
218 0.931029
218 0.931185
218 0.93134
218 0.931496
218 0.931652
218 0.931808
218 0.931963
218 0.932119
218 0.932275
218 0.93243
218 0.932586
218 0.932742
218 0.932897
218 0.933053
218 0.933209
218 0.933364
218 0.93352
218 0.933676
218 0.933832
218 0.933987
218 0.934143
218 0.934299
218 0.934454
218 0.93461
218 0.934766
218 0.934921
218 0.935077
218 0.935233
218 0.935388
218 0.935544
218 0.9357
218 0.935856
218 0.936011
218 0.936167
218 0.936323
218 0.936478
218 0.936634
218 0.93679
218 0.936945
218 0.937101
218 0.937257
218 0.937412
218 0.937568
218 0.937724
218 0.937879
218 0.938035
218 0.938191
218 0.938347
218 0.938502
218 0.938658
218 0.938814
218 0.938969
218 0.939125
218 0.939281
218 0.939436
218 0.939592
218 0.939748
218 0.939903
218 0.940059
218 0.940215
218 0.940371
218 0.940526
218 0.940682
218 0.940838
218 0.940993
218 0.941149
218 0.941305
218 0.94146
218 0.941616
218 0.941772
218 0.941927
218 0.942083
218 0.942239
218 0.942395
218 0.94255
218 0.942706
218 0.942862
218 0.943017
218 0.943173
218 0.943329
218 0.943484
218 0.94364
218 0.943796
218 0.943951
218 0.944107
218 0.944263
218 0.944418
218 0.944574
218 0.94473
218 0.944886
218 0.945041
218 0.945197
218 0.945353
218 0.945508
218 0.945664
218 0.94582
218 0.945975
218 0.946131
218 0.946287
218 0.946442
218 0.946598
218 0.946754
218 0.94691
218 0.947065
218 0.947221
218 0.947377
218 0.947532
218 0.947688
218 0.947844
218 0.947999
218 0.948155
218 0.948311
218 0.948466
218 0.948622
218 0.948778
218 0.948934
218 0.949089
218 0.949245
218 0.949401
218 0.949556
218 0.949712
218 0.949868
218 0.950023
218 0.950179
218 0.950335
218 0.95049
218 0.950646
218 0.950802
218 0.950957
218 0.951113
218 0.951269
218 0.951425
218 0.95158
218 0.951736
218 0.951892
218 0.952047
218 0.952203
218 0.952359
218 0.952514
218 0.95267
218 0.952826
218 0.952981
218 0.953137
218 0.953293
218 0.953449
218 0.953604
218 0.95376
218 0.953916
218 0.954071
218 0.954227
218 0.954383
218 0.954538
218 0.954694
218 0.95485
218 0.955005
218 0.955161
218 0.955317
218 0.955473
218 0.955628
218 0.955784
218 0.95594
218 0.956095
218 0.956251
218 0.956407
218 0.956562
218 0.956718
218 0.956874
218 0.957029
218 0.957185
218 0.957341
218 0.957496
218 0.957652
218 0.957808
218 0.957964
218 0.958119
218 0.958275
218 0.958431
218 0.958586
218 0.958742
218 0.958898
218 0.959053
218 0.959209
218 0.959365
218 0.95952
218 0.959676
218 0.959832
218 0.959988
218 0.960143
218 0.960299
218 0.960455
218 0.96061
218 0.960766
218 0.960922
218 0.961077
218 0.961233
218 0.961389
218 0.961544
218 0.9617
218 0.961856
218 0.962012
218 0.962167
218 0.962323
218 0.962479
218 0.962634
218 0.96279
218 0.962946
218 0.963101
218 0.963257
218 0.963413
218 0.963568
218 0.963724
218 0.96388
218 0.964035
218 0.964191
218 0.964347
218 0.964503
218 0.964658
218 0.964814
218 0.96497
218 0.965125
218 0.965281
218 0.965437
218 0.965592
218 0.965748
218 0.965904
218 0.966059
218 0.966215
218 0.966371
218 0.966527
218 0.966682
218 0.966838
218 0.966994
218 0.967149
218 0.967305
218 0.967461
218 0.967616
218 0.967772
218 0.967928
218 0.968083
218 0.968239
218 0.968395
218 0.968551
218 0.968706
218 0.968862
218 0.969018
218 0.969173
218 0.969329
218 0.969485
218 0.96964
218 0.969796
218 0.969952
218 0.970107
218 0.970263
218 0.970419
218 0.970574
218 0.97073
218 0.970886
218 0.971042
218 0.971197
218 0.971353
218 0.971509
218 0.971664
218 0.97182
218 0.971976
218 0.972131
218 0.972287
218 0.972443
218 0.972598
218 0.972754
218 0.97291
218 0.973066
218 0.973221
218 0.973377
218 0.973533
218 0.973688
218 0.973844
218 0.974
218 0.974155
218 0.974311
218 0.974467
218 0.974622
218 0.974778
218 0.974934
218 0.97509
218 0.975245
218 0.975401
218 0.975557
218 0.975712
218 0.975868
218 0.976024
218 0.976179
218 0.976335
218 0.976491
218 0.976646
218 0.976802
218 0.976958
218 0.977113
218 0.977269
218 0.977425
218 0.977581
218 0.977736
218 0.977892
218 0.978048
218 0.978203
218 0.978359
218 0.978515
218 0.97867
218 0.978826
218 0.978982
218 0.979137
218 0.979293
218 0.979449
218 0.979605
218 0.97976
218 0.979916
218 0.980072
218 0.980227
218 0.980383
218 0.980539
218 0.980694
218 0.98085
218 0.981006
218 0.981161
218 0.981317
218 0.981473
218 0.981629
218 0.981784
218 0.98194
218 0.982096
218 0.982251
218 0.982407
218 0.982563
218 0.982718
218 0.982874
218 0.98303
218 0.983185
218 0.983341
218 0.983497
218 0.983652
218 0.983808
218 0.983964
218 0.98412
218 0.984275
218 0.984431
218 0.984587
218 0.984742
218 0.984898
218 0.985054
218 0.985209
218 0.985365
218 0.985521
218 0.985676
218 0.985832
218 0.985988
218 0.986144
218 0.986299
218 0.986455
218 0.986611
218 0.986766
218 0.986922
218 0.987078
218 0.987233
218 0.987389
218 0.987545
218 0.9877
218 0.987856
218 0.988012
218 0.988168
218 0.988323
218 0.988479
218 0.988635
218 0.98879
218 0.988946
218 0.989102
218 0.989257
218 0.989413
218 0.989569
218 0.989724
218 0.98988
218 0.990036
218 0.990191
218 0.990347
218 0.990503
218 0.990659
218 0.990814
218 0.99097
218 0.991126
218 0.991281
218 0.991437
218 0.991593
218 0.991748
218 0.991904
218 0.99206
218 0.992215
218 0.992371
218 0.992527
218 0.992683
218 0.992838
218 0.992994
218 0.99315
218 0.993305
218 0.993461
218 0.993617
218 0.993772
218 0.993928
218 0.994084
218 0.994239
218 0.994395
218 0.994551
218 0.994707
218 0.994862
218 0.995018
218 0.995174
218 0.995329
218 0.995485
218 0.995641
218 0.995796
218 0.995952
218 0.996108
218 0.996263
218 0.996419
218 0.996575
218 0.99673
218 0.996886
218 0.997042
218 0.997198
218 0.997353
218 0.997509
218 0.997665
218 0.99782
218 0.997976
218 0.998132
218 0.998287
218 0.998443
218 0.998599
218 0.998754
218 0.99891
218 0.999066
218 0.999222
218 0.999377
218 0.999533
218 0.999689
218 0.999844
218 1
