66	0.002303000
74	0.012260000
298	0.000002000
335	0.000094000
346	0.000006000
346	0.000008000
346	0.000008000
346	0.000008000
346	0.000009000
346	0.000009000
346	0.000012000
346	0.000012000
346	0.000012000
346	0.000012000
346	0.000012000
346	0.000012000
346	0.000014000
346	0.000015000
346	0.000092000
346	0.000092000
346	0.013575000
434	0.000004000
930	0.000002000
930	0.000004000
930	0.000004000
930	0.000004000
930	0.000004000
930	0.000004000
930	0.000004000
930	0.000005000
930	0.000005000
930	0.000005000
930	0.000006000
930	0.000006000
930	0.000006000
930	0.000007000
930	0.000007000
930	0.000007000
930	0.000007000
930	0.000007000
930	0.000008000
930	0.000008000
930	0.000008000
930	0.000008000
930	0.000008000
930	0.000008000
930	0.000008000
930	0.000008000
930	0.000009000
930	0.000009000
930	0.000009000
930	0.000009000
930	0.000009000
930	0.000009000
930	0.000009000
930	0.000009000
930	0.000009000
930	0.000009000
930	0.000010000
930	0.000010000
930	0.000010000
930	0.000010000
930	0.000010000
930	0.000010000
930	0.000010000
930	0.000010000
930	0.000010000
930	0.000010000
930	0.000010000
930	0.000010000
930	0.000010000
930	0.000011000
930	0.000011000
930	0.000011000
930	0.000011000
930	0.000011000
930	0.000011000
930	0.000011000
930	0.000011000
930	0.000011000
930	0.000011000
930	0.000011000
930	0.000011000
930	0.000012000
930	0.000012000
930	0.000012000
930	0.000012000
930	0.000012000
930	0.000012000
930	0.000012000
930	0.000012000
930	0.000012000
930	0.000012000
930	0.000013000
930	0.000013000
930	0.000013000
930	0.000013000
930	0.000014000
930	0.000014000
930	0.000014000
930	0.000014000
930	0.000014000
930	0.000014000
930	0.000014000
930	0.000014000
930	0.000014000
930	0.000014000
930	0.000015000
930	0.000015000
930	0.000015000
930	0.000015000
930	0.000015000
930	0.000015000
930	0.000015000
930	0.000015000
930	0.000015000
930	0.000015000
930	0.000015000
930	0.000016000
930	0.000016000
930	0.000016000
930	0.000016000
930	0.000017000
930	0.000017000
930	0.000018000
930	0.000019000
930	0.000020000
930	0.000020000
930	0.000021000
930	0.000021000
930	0.000021000
930	0.000027000
930	0.000028000
930	0.000037000
930	0.000056000
930	0.000070000
930	0.000071000
930	0.000078000
930	0.000079000
930	0.000079000
930	0.000081000
930	0.000082000
930	0.000082000
930	0.000084000
930	0.000085000
930	0.000088000
930	0.000091000
930	0.000093000
930	0.000093000
930	0.000094000
930	0.000094000
930	0.000094000
930	0.000095000
930	0.000096000
930	0.000096000
930	0.000098000
930	0.000098000
930	0.000099000
930	0.000099000
930	0.000100000
930	0.000100000
930	0.000101000
930	0.000101000
930	0.000101000
930	0.000101000
930	0.000101000
930	0.000103000
930	0.000103000
930	0.000103000
930	0.000110000
930	0.000116000
930	0.000119000
930	0.000164000
930	0.000567000
930	0.001638000
930	0.003896000
930	0.017248000
955	0.000010000
1062	0.000004000
1210	0.000003000
1210	0.000006000
1210	0.000007000
1210	0.000089000
1210	0.000090000
1210	0.000093000
1210	0.006204000
1273	0.000003000
1273	0.000005000
1274	0.000013000
1514	0.000002000
1514	0.000002000
1514	0.000003000
1514	0.000003000
1514	0.000003000
1514	0.000003000
1514	0.000003000
1514	0.000003000
1514	0.000003000
1514	0.000003000
1514	0.000003000
1514	0.000003000
1514	0.000003000
1514	0.000003000
1514	0.000003000
1514	0.000004000
1514	0.000004000
1514	0.000004000
1514	0.000004000
1514	0.000004000
1514	0.000004000
1514	0.000004000
1514	0.000004000
1514	0.000004000
1514	0.000004000
1514	0.000004000
1514	0.000004000
1514	0.000004000
1514	0.000004000
1514	0.000004000
1514	0.000004000
1514	0.000004000
1514	0.000004000
1514	0.000004000
1514	0.000004000
1514	0.000004000
1514	0.000004000
1514	0.000004000
1514	0.000004000
1514	0.000004000
1514	0.000004000
1514	0.000004000
1514	0.000004000
1514	0.000004000
1514	0.000005000
1514	0.000005000
1514	0.000005000
1514	0.000005000
1514	0.000005000
1514	0.000005000
1514	0.000005000
1514	0.000005000
1514	0.000005000
1514	0.000005000
1514	0.000005000
1514	0.000005000
1514	0.000005000
1514	0.000005000
1514	0.000005000
1514	0.000005000
1514	0.000005000
1514	0.000005000
1514	0.000005000
1514	0.000005000
1514	0.000005000
1514	0.000005000
1514	0.000005000
1514	0.000005000
1514	0.000005000
1514	0.000005000
1514	0.000005000
1514	0.000005000
1514	0.000005000
1514	0.000005000
1514	0.000005000
1514	0.000005000
1514	0.000005000
1514	0.000005000
1514	0.000005000
1514	0.000005000
1514	0.000005000
1514	0.000005000
1514	0.000005000
1514	0.000006000
1514	0.000006000
1514	0.000006000
1514	0.000006000
1514	0.000006000
1514	0.000006000
1514	0.000006000
1514	0.000006000
1514	0.000006000
1514	0.000006000
1514	0.000006000
1514	0.000006000
1514	0.000006000
1514	0.000006000
1514	0.000006000
1514	0.000006000
1514	0.000006000
1514	0.000006000
1514	0.000006000
1514	0.000006000
1514	0.000006000
1514	0.000006000
1514	0.000006000
1514	0.000006000
1514	0.000006000
1514	0.000006000
1514	0.000006000
1514	0.000006000
1514	0.000006000
1514	0.000006000
1514	0.000006000
1514	0.000006000
1514	0.000006000
1514	0.000006000
1514	0.000006000
1514	0.000007000
1514	0.000007000
1514	0.000007000
1514	0.000007000
1514	0.000007000
1514	0.000007000
1514	0.000007000
1514	0.000007000
1514	0.000007000
1514	0.000007000
1514	0.000007000
1514	0.000007000
1514	0.000007000
1514	0.000007000
1514	0.000007000
1514	0.000007000
1514	0.000007000
1514	0.000007000
1514	0.000007000
1514	0.000007000
1514	0.000007000
1514	0.000007000
1514	0.000007000
1514	0.000007000
1514	0.000007000
1514	0.000007000
1514	0.000007000
1514	0.000007000
1514	0.000007000
1514	0.000007000
1514	0.000007000
1514	0.000007000
1514	0.000007000
1514	0.000007000
1514	0.000008000
1514	0.000008000
1514	0.000008000
1514	0.000008000
1514	0.000008000
1514	0.000008000
1514	0.000008000
1514	0.000008000
1514	0.000008000
1514	0.000008000
1514	0.000008000
1514	0.000008000
1514	0.000008000
1514	0.000008000
1514	0.000008000
1514	0.000008000
1514	0.000008000
1514	0.000008000
1514	0.000008000
1514	0.000008000
1514	0.000008000
1514	0.000008000
1514	0.000008000
1514	0.000008000
1514	0.000008000
1514	0.000008000
1514	0.000009000
1514	0.000009000
1514	0.000009000
1514	0.000009000
1514	0.000009000
1514	0.000009000
1514	0.000009000
1514	0.000009000
1514	0.000009000
1514	0.000009000
1514	0.000009000
1514	0.000009000
1514	0.000009000
1514	0.000009000
1514	0.000009000
1514	0.000009000
1514	0.000009000
1514	0.000010000
1514	0.000010000
1514	0.000010000
1514	0.000010000
1514	0.000010000
1514	0.000010000
1514	0.000010000
1514	0.000010000
1514	0.000010000
1514	0.000010000
1514	0.000010000
1514	0.000010000
1514	0.000010000
1514	0.000010000
1514	0.000010000
1514	0.000010000
1514	0.000010000
1514	0.000010000
1514	0.000010000
1514	0.000010000
1514	0.000010000
1514	0.000010000
1514	0.000011000
1514	0.000011000
1514	0.000011000
1514	0.000011000
1514	0.000011000
1514	0.000011000
1514	0.000011000
1514	0.000011000
1514	0.000011000
1514	0.000011000
1514	0.000011000
1514	0.000011000
1514	0.000011000
1514	0.000011000
1514	0.000011000
1514	0.000011000
1514	0.000011000
1514	0.000011000
1514	0.000011000
1514	0.000012000
1514	0.000012000
1514	0.000012000
1514	0.000012000
1514	0.000012000
1514	0.000012000
1514	0.000012000
1514	0.000012000
1514	0.000012000
1514	0.000012000
1514	0.000012000
1514	0.000012000
1514	0.000013000
1514	0.000013000
1514	0.000013000
1514	0.000013000
1514	0.000013000
1514	0.000013000
1514	0.000013000
1514	0.000013000
1514	0.000013000
1514	0.000013000
1514	0.000013000
1514	0.000014000
1514	0.000014000
1514	0.000014000
1514	0.000014000
1514	0.000014000
1514	0.000014000
1514	0.000014000
1514	0.000014000
1514	0.000014000
1514	0.000015000
1514	0.000015000
1514	0.000015000
1514	0.000015000
1514	0.000016000
1514	0.000016000
1514	0.000017000
1514	0.000017000
1514	0.000017000
1514	0.000017000
1514	0.000017000
1514	0.000018000
1514	0.000018000
1514	0.000019000
1514	0.000020000
1514	0.000020000
1514	0.000020000
1514	0.000020000
1514	0.000020000
1514	0.000021000
1514	0.000021000
1514	0.000021000
1514	0.000021000
1514	0.000021000
1514	0.000022000
1514	0.000022000
1514	0.000023000
1514	0.000023000
1514	0.000023000
1514	0.000024000
1514	0.000024000
1514	0.000025000
1514	0.000025000
1514	0.000025000
1514	0.000025000
1514	0.000026000
1514	0.000026000
1514	0.000027000
1514	0.000028000
1514	0.000028000
1514	0.000028000
1514	0.000029000
1514	0.000030000
1514	0.000031000
1514	0.000032000
1514	0.000032000
1514	0.000032000
1514	0.000032000
1514	0.000032000
1514	0.000033000
1514	0.000033000
1514	0.000033000
1514	0.000034000
1514	0.000034000
1514	0.000034000
1514	0.000034000
1514	0.000034000
1514	0.000035000
1514	0.000035000
1514	0.000035000
1514	0.000036000
1514	0.000036000
1514	0.000036000
1514	0.000036000
1514	0.000036000
1514	0.000037000
1514	0.000037000
1514	0.000038000
1514	0.000039000
1514	0.000039000
1514	0.000040000
1514	0.000040000
1514	0.000041000
1514	0.000041000
1514	0.000042000
1514	0.000043000
1514	0.000045000
1514	0.000045000
1514	0.000045000
1514	0.000047000
1514	0.000048000
1514	0.000052000
1514	0.000069000
1514	0.000087000
1514	0.000091000
1514	0.000092000
1514	0.000095000
1514	0.000098000
1514	0.000098000
1514	0.000099000
1514	0.000100000
1514	0.000100000
1514	0.000101000
1514	0.000101000
1514	0.000103000
1514	0.000104000
1514	0.000104000
1514	0.000104000
1514	0.000104000
1514	0.000104000
1514	0.000104000
1514	0.000104000
1514	0.000104000
1514	0.000104000
1514	0.000105000
1514	0.000105000
1514	0.000105000
1514	0.000105000
1514	0.000105000
1514	0.000105000
1514	0.000105000
1514	0.000105000
1514	0.000105000
1514	0.000105000
1514	0.000105000
1514	0.000105000
1514	0.000105000
1514	0.000105000
1514	0.000106000
1514	0.000106000
1514	0.000106000
1514	0.000106000
1514	0.000106000
1514	0.000106000
1514	0.000106000
1514	0.000106000
1514	0.000106000
1514	0.000106000
1514	0.000106000
1514	0.000106000
1514	0.000106000
1514	0.000106000
1514	0.000106000
1514	0.000106000
1514	0.000106000
1514	0.000106000
1514	0.000106000
1514	0.000106000
1514	0.000106000
1514	0.000106000
1514	0.000107000
1514	0.000107000
1514	0.000107000
1514	0.000107000
1514	0.000107000
1514	0.000107000
1514	0.000107000
1514	0.000107000
1514	0.000107000
1514	0.000107000
1514	0.000107000
1514	0.000107000
1514	0.000107000
1514	0.000107000
1514	0.000107000
1514	0.000107000
1514	0.000107000
1514	0.000107000
1514	0.000107000
1514	0.000107000
1514	0.000107000
1514	0.000107000
1514	0.000107000
1514	0.000107000
1514	0.000107000
1514	0.000108000
1514	0.000108000
1514	0.000108000
1514	0.000108000
1514	0.000108000
1514	0.000108000
1514	0.000108000
1514	0.000108000
1514	0.000108000
1514	0.000108000
1514	0.000108000
1514	0.000108000
1514	0.000108000
1514	0.000108000
1514	0.000108000
1514	0.000109000
1514	0.000109000
1514	0.000109000
1514	0.000109000
1514	0.000109000
1514	0.000109000
1514	0.000109000
1514	0.000109000
1514	0.000109000
1514	0.000109000
1514	0.000109000
1514	0.000109000
1514	0.000109000
1514	0.000109000
1514	0.000109000
1514	0.000109000
1514	0.000109000
1514	0.000109000
1514	0.000109000
1514	0.000110000
1514	0.000110000
1514	0.000110000
1514	0.000110000
1514	0.000110000
1514	0.000110000
1514	0.000110000
1514	0.000110000
1514	0.000110000
1514	0.000110000
1514	0.000110000
1514	0.000110000
1514	0.000110000
1514	0.000110000
1514	0.000110000
1514	0.000110000
1514	0.000110000
1514	0.000110000
1514	0.000110000
1514	0.000110000
1514	0.000110000
1514	0.000110000
1514	0.000110000
1514	0.000110000
1514	0.000111000
1514	0.000111000
1514	0.000111000
1514	0.000111000
1514	0.000111000
1514	0.000111000
1514	0.000111000
1514	0.000111000
1514	0.000111000
1514	0.000111000
1514	0.000111000
1514	0.000111000
1514	0.000111000
1514	0.000111000
1514	0.000111000
1514	0.000111000
1514	0.000111000
1514	0.000111000
1514	0.000111000
1514	0.000111000
1514	0.000111000
1514	0.000111000
1514	0.000111000
1514	0.000111000
1514	0.000111000
1514	0.000111000
1514	0.000111000
1514	0.000111000
1514	0.000111000
1514	0.000111000
1514	0.000111000
1514	0.000111000
1514	0.000111000
1514	0.000111000
1514	0.000111000
1514	0.000111000
1514	0.000111000
1514	0.000112000
1514	0.000112000
1514	0.000112000
1514	0.000112000
1514	0.000112000
1514	0.000112000
1514	0.000112000
1514	0.000112000
1514	0.000112000
1514	0.000112000
1514	0.000112000
1514	0.000112000
1514	0.000112000
1514	0.000112000
1514	0.000112000
1514	0.000112000
1514	0.000112000
1514	0.000112000
1514	0.000112000
1514	0.000112000
1514	0.000112000
1514	0.000112000
1514	0.000112000
1514	0.000112000
1514	0.000112000
1514	0.000112000
1514	0.000112000
1514	0.000112000
1514	0.000112000
1514	0.000112000
1514	0.000112000
1514	0.000112000
1514	0.000112000
1514	0.000113000
1514	0.000113000
1514	0.000113000
1514	0.000113000
1514	0.000113000
1514	0.000113000
1514	0.000113000
1514	0.000113000
1514	0.000113000
1514	0.000113000
1514	0.000113000
1514	0.000113000
1514	0.000113000
1514	0.000113000
1514	0.000113000
1514	0.000113000
1514	0.000113000
1514	0.000113000
1514	0.000113000
1514	0.000113000
1514	0.000113000
1514	0.000113000
1514	0.000113000
1514	0.000113000
1514	0.000113000
1514	0.000113000
1514	0.000113000
1514	0.000113000
1514	0.000113000
1514	0.000113000
1514	0.000113000
1514	0.000113000
1514	0.000113000
1514	0.000113000
1514	0.000113000
1514	0.000113000
1514	0.000113000
1514	0.000113000
1514	0.000113000
1514	0.000113000
1514	0.000113000
1514	0.000113000
1514	0.000113000
1514	0.000113000
1514	0.000113000
1514	0.000113000
1514	0.000113000
1514	0.000113000
1514	0.000114000
1514	0.000114000
1514	0.000114000
1514	0.000114000
1514	0.000114000
1514	0.000114000
1514	0.000114000
1514	0.000114000
1514	0.000114000
1514	0.000114000
1514	0.000114000
1514	0.000114000
1514	0.000114000
1514	0.000114000
1514	0.000114000
1514	0.000114000
1514	0.000114000
1514	0.000114000
1514	0.000114000
1514	0.000114000
1514	0.000114000
1514	0.000114000
1514	0.000114000
1514	0.000115000
1514	0.000115000
1514	0.000115000
1514	0.000115000
1514	0.000115000
1514	0.000115000
1514	0.000115000
1514	0.000115000
1514	0.000115000
1514	0.000115000
1514	0.000115000
1514	0.000115000
1514	0.000115000
1514	0.000115000
1514	0.000115000
1514	0.000115000
1514	0.000115000
1514	0.000115000
1514	0.000115000
1514	0.000115000
1514	0.000115000
1514	0.000115000
1514	0.000115000
1514	0.000115000
1514	0.000115000
1514	0.000115000
1514	0.000115000
1514	0.000115000
1514	0.000115000
1514	0.000115000
1514	0.000115000
1514	0.000115000
1514	0.000115000
1514	0.000115000
1514	0.000116000
1514	0.000116000
1514	0.000116000
1514	0.000116000
1514	0.000116000
1514	0.000116000
1514	0.000116000
1514	0.000116000
1514	0.000116000
1514	0.000116000
1514	0.000116000
1514	0.000116000
1514	0.000116000
1514	0.000116000
1514	0.000116000
1514	0.000116000
1514	0.000116000
1514	0.000116000
1514	0.000116000
1514	0.000116000
1514	0.000116000
1514	0.000116000
1514	0.000116000
1514	0.000116000
1514	0.000116000
1514	0.000116000
1514	0.000116000
1514	0.000116000
1514	0.000116000
1514	0.000116000
1514	0.000117000
1514	0.000117000
1514	0.000117000
1514	0.000117000
1514	0.000117000
1514	0.000117000
1514	0.000117000
1514	0.000117000
1514	0.000117000
1514	0.000117000
1514	0.000117000
1514	0.000117000
1514	0.000117000
1514	0.000118000
1514	0.000118000
1514	0.000118000
1514	0.000118000
1514	0.000118000
1514	0.000118000
1514	0.000118000
1514	0.000118000
1514	0.000118000
1514	0.000118000
1514	0.000118000
1514	0.000118000
1514	0.000118000
1514	0.000118000
1514	0.000118000
1514	0.000118000
1514	0.000118000
1514	0.000118000
1514	0.000118000
1514	0.000118000
1514	0.000118000
1514	0.000118000
1514	0.000119000
1514	0.000119000
1514	0.000119000
1514	0.000119000
1514	0.000119000
1514	0.000119000
1514	0.000119000
1514	0.000119000
1514	0.000120000
1514	0.000120000
1514	0.000120000
1514	0.000120000
1514	0.000120000
1514	0.000120000
1514	0.000120000
1514	0.000120000
1514	0.000120000
1514	0.000120000
1514	0.000120000
1514	0.000120000
1514	0.000120000
1514	0.000120000
1514	0.000120000
1514	0.000120000
1514	0.000120000
1514	0.000120000
1514	0.000121000
1514	0.000121000
1514	0.000121000
1514	0.000121000
1514	0.000121000
1514	0.000121000
1514	0.000121000
1514	0.000121000
1514	0.000121000
1514	0.000121000
1514	0.000121000
1514	0.000121000
1514	0.000121000
1514	0.000121000
1514	0.000121000
1514	0.000121000
1514	0.000121000
1514	0.000121000
1514	0.000121000
1514	0.000121000
1514	0.000121000
1514	0.000121000
1514	0.000121000
1514	0.000121000
1514	0.000121000
1514	0.000121000
1514	0.000121000
1514	0.000121000
1514	0.000121000
1514	0.000121000
1514	0.000121000
1514	0.000121000
1514	0.000121000
1514	0.000121000
1514	0.000121000
1514	0.000121000
1514	0.000121000
1514	0.000121000
1514	0.000121000
1514	0.000121000
1514	0.000121000
1514	0.000121000
1514	0.000121000
1514	0.000122000
1514	0.000122000
1514	0.000122000
1514	0.000122000
1514	0.000122000
1514	0.000122000
1514	0.000122000
1514	0.000122000
1514	0.000122000
1514	0.000122000
1514	0.000122000
1514	0.000122000
1514	0.000122000
1514	0.000122000
1514	0.000122000
1514	0.000122000
1514	0.000122000
1514	0.000122000
1514	0.000122000
1514	0.000122000
1514	0.000122000
1514	0.000122000
1514	0.000122000
1514	0.000122000
1514	0.000122000
1514	0.000122000
1514	0.000122000
1514	0.000122000
1514	0.000122000
1514	0.000122000
1514	0.000122000
1514	0.000122000
1514	0.000122000
1514	0.000122000
1514	0.000122000
1514	0.000122000
1514	0.000122000
1514	0.000122000
1514	0.000122000
1514	0.000122000
1514	0.000122000
1514	0.000122000
1514	0.000122000
1514	0.000122000
1514	0.000122000
1514	0.000122000
1514	0.000122000
1514	0.000122000
1514	0.000122000
1514	0.000122000
1514	0.000122000
1514	0.000122000
1514	0.000122000
1514	0.000122000
1514	0.000122000
1514	0.000122000
1514	0.000122000
1514	0.000122000
1514	0.000122000
1514	0.000122000
1514	0.000122000
1514	0.000122000
1514	0.000122000
1514	0.000122000
1514	0.000122000
1514	0.000122000
1514	0.000122000
1514	0.000122000
1514	0.000122000
1514	0.000122000
1514	0.000122000
1514	0.000122000
1514	0.000122000
1514	0.000123000
1514	0.000123000
1514	0.000123000
1514	0.000123000
1514	0.000123000
1514	0.000123000
1514	0.000123000
1514	0.000123000
1514	0.000123000
1514	0.000123000
1514	0.000123000
1514	0.000123000
1514	0.000123000
1514	0.000123000
1514	0.000123000
1514	0.000123000
1514	0.000123000
1514	0.000123000
1514	0.000123000
1514	0.000123000
1514	0.000123000
1514	0.000123000
1514	0.000123000
1514	0.000123000
1514	0.000123000
1514	0.000123000
1514	0.000123000
1514	0.000123000
1514	0.000123000
1514	0.000123000
1514	0.000123000
1514	0.000123000
1514	0.000123000
1514	0.000123000
1514	0.000123000
1514	0.000123000
1514	0.000123000
1514	0.000123000
1514	0.000123000
1514	0.000123000
1514	0.000123000
1514	0.000123000
1514	0.000123000
1514	0.000123000
1514	0.000123000
1514	0.000123000
1514	0.000123000
1514	0.000123000
1514	0.000123000
1514	0.000123000
1514	0.000123000
1514	0.000123000
1514	0.000123000
1514	0.000123000
1514	0.000123000
1514	0.000123000
1514	0.000123000
1514	0.000123000
1514	0.000123000
1514	0.000123000
1514	0.000123000
1514	0.000123000
1514	0.000123000
1514	0.000123000
1514	0.000123000
1514	0.000123000
1514	0.000123000
1514	0.000123000
1514	0.000123000
1514	0.000123000
1514	0.000123000
1514	0.000123000
1514	0.000123000
1514	0.000123000
1514	0.000123000
1514	0.000123000
1514	0.000123000
1514	0.000123000
1514	0.000123000
1514	0.000123000
1514	0.000123000
1514	0.000123000
1514	0.000123000
1514	0.000123000
1514	0.000123000
1514	0.000123000
1514	0.000123000
1514	0.000123000
1514	0.000123000
1514	0.000123000
1514	0.000123000
1514	0.000123000
1514	0.000123000
1514	0.000123000
1514	0.000123000
1514	0.000123000
1514	0.000123000
1514	0.000123000
1514	0.000123000
1514	0.000123000
1514	0.000123000
1514	0.000123000
1514	0.000123000
1514	0.000123000
1514	0.000123000
1514	0.000123000
1514	0.000123000
1514	0.000123000
1514	0.000123000
1514	0.000123000
1514	0.000123000
1514	0.000124000
1514	0.000124000
1514	0.000124000
1514	0.000124000
1514	0.000124000
1514	0.000124000
1514	0.000124000
1514	0.000124000
1514	0.000124000
1514	0.000124000
1514	0.000124000
1514	0.000124000
1514	0.000124000
1514	0.000124000
1514	0.000124000
1514	0.000124000
1514	0.000124000
1514	0.000124000
1514	0.000124000
1514	0.000124000
1514	0.000124000
1514	0.000124000
1514	0.000124000
1514	0.000124000
1514	0.000124000
1514	0.000124000
1514	0.000124000
1514	0.000124000
1514	0.000124000
1514	0.000124000
1514	0.000124000
1514	0.000124000
1514	0.000124000
1514	0.000124000
1514	0.000124000
1514	0.000124000
1514	0.000124000
1514	0.000124000
1514	0.000124000
1514	0.000124000
1514	0.000124000
1514	0.000124000
1514	0.000124000
1514	0.000125000
1514	0.000125000
1514	0.000125000
1514	0.000125000
1514	0.000125000
1514	0.000125000
1514	0.000125000
1514	0.000125000
1514	0.000125000
1514	0.000125000
1514	0.000125000
1514	0.000125000
1514	0.000125000
1514	0.000125000
1514	0.000126000
1514	0.000126000
1514	0.000126000
1514	0.000126000
1514	0.000126000
1514	0.000126000
1514	0.000126000
1514	0.000126000
1514	0.000126000
1514	0.000126000
1514	0.000126000
1514	0.000126000
1514	0.000127000
1514	0.000127000
1514	0.000127000
1514	0.000127000
1514	0.000127000
1514	0.000127000
1514	0.000127000
1514	0.000127000
1514	0.000127000
1514	0.000127000
1514	0.000127000
1514	0.000127000
1514	0.000128000
1514	0.000128000
1514	0.000128000
1514	0.000128000
1514	0.000128000
1514	0.000128000
1514	0.000128000
1514	0.000128000
1514	0.000128000
1514	0.000128000
1514	0.000128000
1514	0.000129000
1514	0.000129000
1514	0.000129000
1514	0.000129000
1514	0.000129000
1514	0.000129000
1514	0.000129000
1514	0.000129000
1514	0.000129000
1514	0.000129000
1514	0.000130000
1514	0.000130000
1514	0.000130000
1514	0.000130000
1514	0.000130000
1514	0.000130000
1514	0.000130000
1514	0.000130000
1514	0.000130000
1514	0.000130000
1514	0.000130000
1514	0.000130000
1514	0.000130000
1514	0.000130000
1514	0.000130000
1514	0.000130000
1514	0.000130000
1514	0.000130000
1514	0.000131000
1514	0.000131000
1514	0.000131000
1514	0.000131000
1514	0.000131000
1514	0.000131000
1514	0.000131000
1514	0.000131000
1514	0.000131000
1514	0.000131000
1514	0.000131000
1514	0.000131000
1514	0.000131000
1514	0.000131000
1514	0.000131000
1514	0.000131000
1514	0.000131000
1514	0.000131000
1514	0.000131000
1514	0.000131000
1514	0.000131000
1514	0.000131000
1514	0.000131000
1514	0.000132000
1514	0.000132000
1514	0.000132000
1514	0.000132000
1514	0.000133000
1514	0.000133000
1514	0.000133000
1514	0.000133000
1514	0.000133000
1514	0.000135000
1514	0.000135000
1514	0.000135000
1514	0.000135000
1514	0.000136000
1514	0.000136000
1514	0.000136000
1514	0.000136000
1514	0.000137000
1514	0.000138000
1514	0.000140000
1514	0.000140000
1514	0.000140000
1514	0.000140000
1514	0.000140000
1514	0.000141000
1514	0.000141000
1514	0.000142000
1514	0.000142000
1514	0.000143000
1514	0.000143000
1514	0.000143000
1514	0.000143000
1514	0.000143000
1514	0.000143000
1514	0.000144000
1514	0.000144000
1514	0.000144000
1514	0.000145000
1514	0.000145000
1514	0.000145000
1514	0.000146000
1514	0.000146000
1514	0.000147000
1514	0.000147000
1514	0.000148000
1514	0.000150000
1514	0.000152000
1514	0.000152000
1514	0.000154000
1514	0.000154000
1514	0.000154000
1514	0.000155000
1514	0.000155000
1514	0.000155000
1514	0.000155000
1514	0.000156000
1514	0.000157000
1514	0.000158000
1514	0.000158000
1514	0.000160000
1514	0.000160000
1514	0.000161000
1514	0.000161000
1514	0.000162000
1514	0.000163000
1514	0.000163000
1514	0.000163000
1514	0.000163000
1514	0.000163000
1514	0.000163000
1514	0.000165000
1514	0.000166000
1514	0.000167000
1514	0.000168000
1514	0.000168000
1514	0.000169000
1514	0.000169000
1514	0.000170000
1514	0.000170000
1514	0.000171000
1514	0.000171000
1514	0.000171000
1514	0.000171000
1514	0.000172000
1514	0.000173000
1514	0.000173000
1514	0.000173000
1514	0.000173000
1514	0.000174000
1514	0.000174000
1514	0.000174000
1514	0.000175000
1514	0.000175000
1514	0.000175000
1514	0.000175000
1514	0.000175000
1514	0.000176000
1514	0.000176000
1514	0.000176000
1514	0.000176000
1514	0.000177000
1514	0.000177000
1514	0.000177000
1514	0.000177000
1514	0.000177000
1514	0.000177000
1514	0.000178000
1514	0.000178000
1514	0.000179000
1514	0.000179000
1514	0.000179000
1514	0.000179000
1514	0.000179000
1514	0.000179000
1514	0.000180000
1514	0.000180000
1514	0.000180000
1514	0.000180000
1514	0.000180000
1514	0.000180000
1514	0.000180000
1514	0.000180000
1514	0.000180000
1514	0.000181000
1514	0.000181000
1514	0.000181000
1514	0.000181000
1514	0.000181000
1514	0.000181000
1514	0.000182000
1514	0.000182000
1514	0.000182000
1514	0.000182000
1514	0.000182000
1514	0.000182000
1514	0.000182000
1514	0.000183000
1514	0.000183000
1514	0.000183000
1514	0.000184000
1514	0.000184000
1514	0.000184000
1514	0.000184000
1514	0.000185000
1514	0.000185000
1514	0.000185000
1514	0.000185000
1514	0.000185000
1514	0.000186000
1514	0.000186000
1514	0.000186000
1514	0.000186000
1514	0.000187000
1514	0.000187000
1514	0.000187000
1514	0.000187000
1514	0.000187000
1514	0.000187000
1514	0.000187000
1514	0.000188000
1514	0.000188000
1514	0.000188000
1514	0.000189000
1514	0.000189000
1514	0.000189000
1514	0.000189000
1514	0.000189000
1514	0.000189000
1514	0.000189000
1514	0.000189000
1514	0.000190000
1514	0.000190000
1514	0.000190000
1514	0.000190000
1514	0.000190000
1514	0.000191000
1514	0.000191000
1514	0.000191000
1514	0.000191000
1514	0.000191000
1514	0.000191000
1514	0.000191000
1514	0.000192000
1514	0.000192000
1514	0.000192000
1514	0.000192000
1514	0.000192000
1514	0.000192000
1514	0.000193000
1514	0.000193000
1514	0.000193000
1514	0.000193000
1514	0.000193000
1514	0.000193000
1514	0.000193000
1514	0.000193000
1514	0.000193000
1514	0.000194000
1514	0.000194000
1514	0.000194000
1514	0.000195000
1514	0.000195000
1514	0.000195000
1514	0.000195000
1514	0.000195000
1514	0.000195000
1514	0.000195000
1514	0.000195000
1514	0.000195000
1514	0.000196000
1514	0.000196000
1514	0.000196000
1514	0.000196000
1514	0.000196000
1514	0.000196000
1514	0.000196000
1514	0.000196000
1514	0.000197000
1514	0.000197000
1514	0.000197000
1514	0.000197000
1514	0.000197000
1514	0.000198000
1514	0.000198000
1514	0.000198000
1514	0.000198000
1514	0.000198000
1514	0.000199000
1514	0.000199000
1514	0.000199000
1514	0.000199000
1514	0.000199000
1514	0.000200000
1514	0.000200000
1514	0.000200000
1514	0.000200000
1514	0.000200000
1514	0.000200000
1514	0.000200000
1514	0.000201000
1514	0.000201000
1514	0.000201000
1514	0.000201000
1514	0.000202000
1514	0.000202000
1514	0.000203000
1514	0.000203000
1514	0.000203000
1514	0.000203000
1514	0.000203000
1514	0.000203000
1514	0.000203000
1514	0.000204000
1514	0.000204000
1514	0.000204000
1514	0.000205000
1514	0.000205000
1514	0.000206000
1514	0.000206000
1514	0.000206000
1514	0.000206000
1514	0.000206000
1514	0.000206000
1514	0.000206000
1514	0.000206000
1514	0.000207000
1514	0.000208000
1514	0.000208000
1514	0.000208000
1514	0.000209000
1514	0.000209000
1514	0.000209000
1514	0.000209000
1514	0.000209000
1514	0.000209000
1514	0.000209000
1514	0.000209000
1514	0.000210000
1514	0.000210000
1514	0.000210000
1514	0.000210000
1514	0.000210000
1514	0.000211000
1514	0.000211000
1514	0.000211000
1514	0.000212000
1514	0.000212000
1514	0.000212000
1514	0.000212000
1514	0.000212000
1514	0.000212000
1514	0.000212000
1514	0.000213000
1514	0.000213000
1514	0.000213000
1514	0.000213000
1514	0.000213000
1514	0.000214000
1514	0.000214000
1514	0.000214000
1514	0.000214000
1514	0.000214000
1514	0.000214000
1514	0.000215000
1514	0.000215000
1514	0.000215000
1514	0.000215000
1514	0.000215000
1514	0.000215000
1514	0.000216000
1514	0.000216000
1514	0.000216000
1514	0.000216000
1514	0.000216000
1514	0.000216000
1514	0.000216000
1514	0.000216000
1514	0.000217000
1514	0.000217000
1514	0.000217000
1514	0.000217000
1514	0.000217000
1514	0.000217000
1514	0.000218000
1514	0.000218000
1514	0.000218000
1514	0.000218000
1514	0.000218000
1514	0.000218000
1514	0.000218000
1514	0.000218000
1514	0.000218000
1514	0.000218000
1514	0.000219000
1514	0.000219000
1514	0.000219000
1514	0.000219000
1514	0.000219000
1514	0.000220000
1514	0.000220000
1514	0.000220000
1514	0.000220000
1514	0.000220000
1514	0.000220000
1514	0.000220000
1514	0.000220000
1514	0.000220000
1514	0.000220000
1514	0.000221000
1514	0.000221000
1514	0.000221000
1514	0.000221000
1514	0.000221000
1514	0.000221000
1514	0.000221000
1514	0.000221000
1514	0.000221000
1514	0.000221000
1514	0.000221000
1514	0.000221000
1514	0.000221000
1514	0.000221000
1514	0.000221000
1514	0.000221000
1514	0.000221000
1514	0.000221000
1514	0.000222000
1514	0.000222000
1514	0.000222000
1514	0.000222000
1514	0.000222000
1514	0.000222000
1514	0.000222000
1514	0.000222000
1514	0.000222000
1514	0.000223000
1514	0.000223000
1514	0.000223000
1514	0.000223000
1514	0.000223000
1514	0.000223000
1514	0.000223000
1514	0.000223000
1514	0.000223000
1514	0.000223000
1514	0.000223000
1514	0.000223000
1514	0.000223000
1514	0.000223000
1514	0.000223000
1514	0.000223000
1514	0.000224000
1514	0.000224000
1514	0.000224000
1514	0.000224000
1514	0.000224000
1514	0.000224000
1514	0.000224000
1514	0.000224000
1514	0.000224000
1514	0.000224000
1514	0.000224000
1514	0.000224000
1514	0.000224000
1514	0.000225000
1514	0.000225000
1514	0.000225000
1514	0.000225000
1514	0.000225000
1514	0.000225000
1514	0.000225000
1514	0.000225000
1514	0.000225000
1514	0.000225000
1514	0.000225000
1514	0.000225000
1514	0.000225000
1514	0.000225000
1514	0.000225000
1514	0.000226000
1514	0.000226000
1514	0.000226000
1514	0.000226000
1514	0.000226000
1514	0.000226000
1514	0.000226000
1514	0.000226000
1514	0.000226000
1514	0.000226000
1514	0.000227000
1514	0.000227000
1514	0.000227000
1514	0.000227000
1514	0.000227000
1514	0.000227000
1514	0.000227000
1514	0.000227000
1514	0.000228000
1514	0.000228000
1514	0.000228000
1514	0.000228000
1514	0.000228000
1514	0.000229000
1514	0.000229000
1514	0.000231000
1514	0.000231000
1514	0.000232000
1514	0.000234000
1514	0.000236000
1514	0.000236000
1514	0.000237000
1514	0.000239000
1514	0.000245000
1514	0.000325000
1514	0.000481000
1514	0.000486000
1514	0.000515000
1514	0.000562000
1514	0.000709000
1514	0.000733000
1514	0.000879000
1514	0.000945000
1514	0.000996000
1514	0.001035000
1514	0.001071000
1514	0.001078000
1514	0.001120000
1514	0.001150000
1514	0.001218000
1514	0.001260000
1514	0.001577000
1514	0.001689000
1514	0.001790000
1514	0.001818000
1514	0.002463000
1514	0.002552000
1514	0.002630000
1514	0.002664000
1514	0.002750000
1514	0.002865000
1514	0.002908000
1514	0.003043000
1514	0.003286000
1514	0.003433000
1514	0.003881000
1514	0.003999000
1514	0.004052000
1514	0.004079000
1514	0.004085000
1514	0.004113000
1514	0.004277000
1514	0.004281000
1514	0.004503000
1514	0.004548000
1514	0.004571000
1514	0.004645000
1514	0.004715000
1514	0.004757000
1514	0.005150000
1514	0.005227000
1514	0.005229000
1514	0.005578000
1514	0.005755000
1514	0.005766000
1514	0.005998000
1514	0.006453000
1514	0.006511000
1514	0.006539000
1514	0.006652000
1514	0.006839000
1514	0.006864000
1514	0.006884000
1514	0.006895000
1514	0.006899000
1514	0.006908000
1514	0.006968000
1514	0.007010000
1514	0.007337000
1514	0.007360000
1514	0.007583000
1514	0.008039000
1514	0.008270000
1514	0.008357000
1514	0.008455000
1514	0.008484000
1514	0.009162000
1514	0.009184000
1514	0.009618000
1514	0.009861000
1514	0.010005000
1514	0.010028000
1514	0.010039000
1514	0.010160000
1514	0.010166000
1514	0.010244000
1514	0.010336000
1514	0.010910000
1514	0.010961000
1514	0.011353000
1514	0.011514000
1514	0.011561000
1514	0.011712000
1514	0.011714000
1514	0.011747000
1514	0.011829000
1514	0.011837000
1514	0.011981000
1514	0.012419000
1514	0.012801000
1514	0.012864000
1514	0.013109000
1514	0.013550000
1514	0.013738000
1514	0.013858000
1514	0.014376000
1514	0.014583000
1514	0.014899000
1514	0.014997000
1514	0.015022000
1514	0.015858000
1514	0.015896000
1514	0.016108000
1514	0.016453000
1514	0.017585000
1514	0.017886000
1514	0.019167000
1514	0.019357000
