66 0.000956023
66 0.00191205
66 0.00286807
66 0.00382409
66 0.00478011
66 0.00573614
66 0.00669216
66 0.00764818
66 0.00860421
66 0.00956023
66 0.0105163
66 0.0114723
66 0.0124283
66 0.0133843
66 0.0143403
66 0.0152964
66 0.0162524
66 0.0172084
66 0.0181644
66 0.0191205
66 0.0200765
66 0.0210325
66 0.0219885
66 0.0229446
66 0.0239006
66 0.0248566
66 0.0258126
66 0.0267686
66 0.0277247
66 0.0286807
66 0.0296367
66 0.0305927
66 0.0315488
66 0.0325048
66 0.0334608
66 0.0344168
66 0.0353728
66 0.0363289
66 0.0372849
66 0.0382409
66 0.0391969
66 0.040153
66 0.041109
66 0.042065
66 0.043021
66 0.0439771
66 0.0449331
66 0.0458891
66 0.0468451
66 0.0478011
66 0.0487572
66 0.0497132
66 0.0506692
66 0.0516252
66 0.0525813
66 0.0535373
66 0.0544933
66 0.0554493
66 0.0564054
66 0.0573614
66 0.0583174
66 0.0592734
66 0.0602294
66 0.0611855
66 0.0621415
66 0.0630975
66 0.0640535
66 0.0650096
66 0.0659656
66 0.0669216
66 0.0678776
66 0.0688337
66 0.0697897
66 0.0707457
66 0.0717017
66 0.0726577
66 0.0736138
66 0.0745698
66 0.0755258
66 0.0764818
66 0.0774379
66 0.0783939
66 0.0793499
66 0.0803059
66 0.081262
66 0.082218
66 0.083174
66 0.08413
66 0.085086
66 0.0860421
66 0.0869981
66 0.0879541
66 0.0889101
66 0.0898662
66 0.0908222
66 0.0917782
66 0.0927342
66 0.0936902
66 0.0946463
66 0.0956023
66 0.0965583
66 0.0975143
66 0.0984704
66 0.0994264
66 0.100382
66 0.101338
66 0.102294
66 0.10325
66 0.104207
66 0.105163
66 0.106119
66 0.107075
66 0.108031
66 0.108987
66 0.109943
66 0.110899
66 0.111855
66 0.112811
66 0.113767
66 0.114723
66 0.115679
66 0.116635
66 0.117591
66 0.118547
66 0.119503
66 0.120459
66 0.121415
66 0.122371
66 0.123327
66 0.124283
66 0.125239
66 0.126195
66 0.127151
66 0.128107
66 0.129063
66 0.130019
66 0.130975
66 0.131931
66 0.132887
66 0.133843
66 0.134799
66 0.135755
66 0.136711
66 0.137667
66 0.138623
66 0.139579
66 0.140535
66 0.141491
66 0.142447
66 0.143403
66 0.144359
66 0.145315
66 0.146272
66 0.147228
66 0.148184
66 0.14914
66 0.150096
66 0.151052
66 0.152008
66 0.152964
66 0.15392
66 0.154876
66 0.155832
66 0.156788
66 0.157744
66 0.1587
66 0.159656
66 0.160612
66 0.161568
66 0.162524
66 0.16348
66 0.164436
66 0.165392
66 0.166348
66 0.167304
66 0.16826
66 0.169216
66 0.170172
66 0.171128
66 0.172084
66 0.17304
66 0.173996
66 0.174952
66 0.175908
66 0.176864
66 0.17782
66 0.178776
66 0.179732
66 0.180688
66 0.181644
66 0.1826
66 0.183556
66 0.184512
66 0.185468
66 0.186424
66 0.18738
66 0.188337
66 0.189293
66 0.190249
66 0.191205
66 0.192161
66 0.193117
66 0.194073
66 0.195029
66 0.195985
66 0.196941
66 0.197897
66 0.198853
66 0.199809
66 0.200765
66 0.201721
66 0.202677
66 0.203633
66 0.204589
66 0.205545
66 0.206501
66 0.207457
66 0.208413
66 0.209369
66 0.210325
66 0.211281
66 0.212237
66 0.213193
66 0.214149
66 0.215105
66 0.216061
66 0.217017
66 0.217973
66 0.218929
66 0.219885
66 0.220841
66 0.221797
66 0.222753
66 0.223709
66 0.224665
66 0.225621
66 0.226577
66 0.227533
66 0.228489
66 0.229446
66 0.230402
66 0.231358
66 0.232314
66 0.23327
66 0.234226
66 0.235182
66 0.236138
66 0.237094
66 0.23805
66 0.239006
66 0.239962
66 0.240918
66 0.241874
66 0.24283
66 0.243786
66 0.244742
66 0.245698
66 0.246654
66 0.24761
66 0.248566
66 0.249522
66 0.250478
66 0.251434
66 0.25239
66 0.253346
66 0.254302
66 0.255258
66 0.256214
66 0.25717
66 0.258126
66 0.259082
66 0.260038
66 0.260994
66 0.26195
66 0.262906
66 0.263862
66 0.264818
66 0.265774
66 0.26673
66 0.267686
66 0.268642
66 0.269598
66 0.270554
66 0.271511
66 0.272467
66 0.273423
66 0.274379
66 0.275335
66 0.276291
66 0.277247
66 0.278203
66 0.279159
66 0.280115
66 0.281071
66 0.282027
66 0.282983
66 0.283939
66 0.284895
66 0.285851
66 0.286807
66 0.287763
66 0.288719
66 0.289675
66 0.290631
66 0.291587
66 0.292543
66 0.293499
66 0.294455
66 0.295411
66 0.296367
66 0.297323
66 0.298279
66 0.299235
66 0.300191
66 0.301147
66 0.302103
66 0.303059
66 0.304015
66 0.304971
66 0.305927
66 0.306883
66 0.307839
66 0.308795
66 0.309751
66 0.310707
66 0.311663
66 0.31262
66 0.313576
66 0.314532
66 0.315488
66 0.316444
66 0.3174
66 0.318356
66 0.319312
66 0.320268
66 0.321224
66 0.32218
66 0.323136
66 0.324092
66 0.325048
66 0.326004
66 0.32696
66 0.327916
66 0.328872
66 0.329828
66 0.330784
66 0.33174
66 0.332696
66 0.333652
66 0.334608
66 0.335564
66 0.33652
66 0.337476
66 0.338432
66 0.339388
66 0.340344
66 0.3413
66 0.342256
66 0.343212
66 0.344168
66 0.345124
66 0.34608
66 0.347036
66 0.347992
66 0.348948
66 0.349904
66 0.35086
66 0.351816
66 0.352772
66 0.353728
66 0.354685
66 0.355641
66 0.356597
66 0.357553
66 0.358509
66 0.359465
66 0.360421
66 0.361377
66 0.362333
66 0.363289
66 0.364245
66 0.365201
66 0.366157
66 0.367113
66 0.368069
66 0.369025
66 0.369981
66 0.370937
66 0.371893
66 0.372849
66 0.373805
66 0.374761
66 0.375717
66 0.376673
66 0.377629
66 0.378585
66 0.379541
66 0.380497
66 0.381453
66 0.382409
66 0.383365
66 0.384321
66 0.385277
66 0.386233
66 0.387189
66 0.388145
66 0.389101
66 0.390057
66 0.391013
66 0.391969
66 0.392925
66 0.393881
66 0.394837
66 0.395793
66 0.39675
66 0.397706
66 0.398662
66 0.399618
66 0.400574
66 0.40153
66 0.402486
66 0.403442
66 0.404398
66 0.405354
66 0.40631
66 0.407266
66 0.408222
66 0.409178
66 0.410134
66 0.41109
66 0.412046
66 0.413002
66 0.413958
66 0.414914
66 0.41587
66 0.416826
66 0.417782
66 0.418738
66 0.419694
66 0.42065
66 0.421606
66 0.422562
66 0.423518
66 0.424474
66 0.42543
66 0.426386
66 0.427342
66 0.428298
66 0.429254
66 0.43021
66 0.431166
66 0.432122
66 0.433078
66 0.434034
66 0.43499
66 0.435946
66 0.436902
66 0.437859
66 0.438815
66 0.439771
66 0.440727
66 0.441683
66 0.442639
66 0.443595
66 0.444551
66 0.445507
66 0.446463
66 0.447419
66 0.448375
66 0.449331
66 0.450287
66 0.451243
66 0.452199
66 0.453155
66 0.454111
66 0.455067
66 0.456023
66 0.456979
66 0.457935
66 0.458891
66 0.459847
66 0.460803
66 0.461759
66 0.462715
66 0.463671
66 0.464627
66 0.465583
66 0.466539
66 0.467495
66 0.468451
66 0.469407
66 0.470363
66 0.471319
66 0.472275
66 0.473231
66 0.474187
66 0.475143
66 0.476099
66 0.477055
66 0.478011
66 0.478967
66 0.479924
66 0.48088
66 0.481836
66 0.482792
66 0.483748
66 0.484704
66 0.48566
66 0.486616
66 0.487572
66 0.488528
66 0.489484
66 0.49044
66 0.491396
66 0.492352
66 0.493308
66 0.494264
66 0.49522
66 0.496176
66 0.497132
66 0.498088
66 0.499044
66 0.5
66 0.500956
66 0.501912
66 0.502868
66 0.503824
66 0.50478
66 0.505736
66 0.506692
66 0.507648
66 0.508604
66 0.50956
66 0.510516
66 0.511472
66 0.512428
66 0.513384
66 0.51434
66 0.515296
66 0.516252
66 0.517208
66 0.518164
66 0.51912
66 0.520076
66 0.521033
66 0.521989
66 0.522945
66 0.523901
66 0.524857
66 0.525813
66 0.526769
66 0.527725
66 0.528681
66 0.529637
66 0.530593
66 0.531549
66 0.532505
66 0.533461
66 0.534417
66 0.535373
66 0.536329
66 0.537285
66 0.538241
66 0.539197
66 0.540153
66 0.541109
66 0.542065
66 0.543021
66 0.543977
66 0.544933
66 0.545889
66 0.546845
66 0.547801
66 0.548757
66 0.549713
66 0.550669
66 0.551625
66 0.552581
66 0.553537
66 0.554493
66 0.555449
66 0.556405
66 0.557361
66 0.558317
66 0.559273
66 0.560229
66 0.561185
66 0.562141
66 0.563098
66 0.564054
66 0.56501
66 0.565966
66 0.566922
66 0.567878
66 0.568834
66 0.56979
66 0.570746
66 0.571702
66 0.572658
66 0.573614
66 0.57457
66 0.575526
66 0.576482
66 0.577438
66 0.578394
66 0.57935
66 0.580306
66 0.581262
66 0.582218
66 0.583174
66 0.58413
66 0.585086
66 0.586042
66 0.586998
66 0.587954
66 0.58891
66 0.589866
66 0.590822
66 0.591778
66 0.592734
66 0.59369
66 0.594646
66 0.595602
66 0.596558
66 0.597514
66 0.59847
66 0.599426
66 0.600382
66 0.601338
66 0.602294
66 0.60325
66 0.604207
66 0.605163
66 0.606119
66 0.607075
66 0.608031
66 0.608987
66 0.609943
66 0.610899
66 0.611855
66 0.612811
66 0.613767
66 0.614723
66 0.615679
66 0.616635
66 0.617591
66 0.618547
66 0.619503
66 0.620459
66 0.621415
66 0.622371
66 0.623327
66 0.624283
66 0.625239
66 0.626195
66 0.627151
66 0.628107
66 0.629063
66 0.630019
66 0.630975
66 0.631931
66 0.632887
66 0.633843
66 0.634799
66 0.635755
66 0.636711
66 0.637667
66 0.638623
66 0.639579
66 0.640535
66 0.641491
66 0.642447
66 0.643403
66 0.644359
66 0.645315
66 0.646272
66 0.647228
66 0.648184
66 0.64914
66 0.650096
66 0.651052
66 0.652008
66 0.652964
66 0.65392
66 0.654876
66 0.655832
66 0.656788
66 0.657744
66 0.6587
66 0.659656
66 0.660612
66 0.661568
66 0.662524
66 0.66348
66 0.664436
66 0.665392
66 0.666348
66 0.667304
66 0.66826
66 0.669216
66 0.670172
66 0.671128
66 0.672084
66 0.67304
66 0.673996
66 0.674952
66 0.675908
66 0.676864
66 0.67782
66 0.678776
66 0.679732
66 0.680688
66 0.681644
66 0.6826
66 0.683556
66 0.684512
66 0.685468
66 0.686424
66 0.68738
66 0.688337
66 0.689293
66 0.690249
66 0.691205
66 0.692161
66 0.693117
66 0.694073
66 0.695029
66 0.695985
66 0.696941
66 0.697897
66 0.698853
66 0.699809
66 0.700765
66 0.701721
66 0.702677
66 0.703633
66 0.704589
66 0.705545
66 0.706501
66 0.707457
66 0.708413
66 0.709369
66 0.710325
66 0.711281
66 0.712237
66 0.713193
66 0.714149
66 0.715105
66 0.716061
66 0.717017
66 0.717973
66 0.718929
66 0.719885
66 0.720841
66 0.721797
66 0.722753
66 0.723709
66 0.724665
66 0.725621
66 0.726577
66 0.727533
66 0.728489
66 0.729446
66 0.730402
66 0.731358
66 0.732314
66 0.73327
66 0.734226
66 0.735182
66 0.736138
66 0.737094
66 0.73805
66 0.739006
66 0.739962
66 0.740918
66 0.741874
66 0.74283
66 0.743786
66 0.744742
66 0.745698
66 0.746654
66 0.74761
66 0.748566
66 0.749522
66 0.750478
66 0.751434
66 0.75239
66 0.753346
66 0.754302
66 0.755258
66 0.756214
66 0.75717
66 0.758126
66 0.759082
66 0.760038
66 0.760994
66 0.76195
66 0.762906
66 0.763862
66 0.764818
66 0.765774
66 0.76673
66 0.767686
66 0.768642
66 0.769598
66 0.770554
66 0.771511
66 0.772467
66 0.773423
66 0.774379
66 0.775335
66 0.776291
66 0.777247
66 0.778203
66 0.779159
66 0.780115
66 0.781071
66 0.782027
66 0.782983
66 0.783939
66 0.784895
66 0.785851
66 0.786807
66 0.787763
66 0.788719
66 0.789675
66 0.790631
66 0.791587
66 0.792543
66 0.793499
66 0.794455
66 0.795411
66 0.796367
66 0.797323
66 0.798279
66 0.799235
66 0.800191
66 0.801147
66 0.802103
66 0.803059
66 0.804015
66 0.804971
66 0.805927
66 0.806883
66 0.807839
66 0.808795
66 0.809751
66 0.810707
66 0.811663
66 0.81262
66 0.813576
66 0.814532
66 0.815488
66 0.816444
66 0.8174
66 0.818356
66 0.819312
66 0.820268
66 0.821224
66 0.82218
66 0.823136
66 0.824092
66 0.825048
66 0.826004
66 0.82696
66 0.827916
66 0.828872
66 0.829828
66 0.830784
66 0.83174
66 0.832696
66 0.833652
66 0.834608
66 0.835564
66 0.83652
66 0.837476
66 0.838432
66 0.839388
66 0.840344
66 0.8413
66 0.842256
66 0.843212
66 0.844168
66 0.845124
66 0.84608
66 0.847036
66 0.847992
66 0.848948
66 0.849904
66 0.85086
66 0.851816
66 0.852772
66 0.853728
66 0.854685
66 0.855641
66 0.856597
66 0.857553
66 0.858509
66 0.859465
66 0.860421
66 0.861377
66 0.862333
66 0.863289
66 0.864245
66 0.865201
66 0.866157
66 0.867113
66 0.868069
66 0.869025
66 0.869981
66 0.870937
66 0.871893
66 0.872849
66 0.873805
66 0.874761
66 0.875717
66 0.876673
66 0.877629
66 0.878585
66 0.879541
66 0.880497
66 0.881453
66 0.882409
66 0.883365
66 0.884321
66 0.885277
66 0.886233
66 0.887189
66 0.888145
66 0.889101
66 0.890057
66 0.891013
66 0.891969
66 0.892925
66 0.893881
66 0.894837
66 0.895793
66 0.89675
66 0.897706
66 0.898662
66 0.899618
66 0.900574
66 0.90153
66 0.902486
66 0.903442
66 0.904398
66 0.905354
66 0.90631
66 0.907266
66 0.908222
66 0.909178
66 0.910134
66 0.91109
66 0.912046
66 0.913002
66 0.913958
66 0.914914
66 0.91587
66 0.916826
66 0.917782
66 0.918738
66 0.919694
66 0.92065
66 0.921606
66 0.922562
66 0.923518
66 0.924474
66 0.92543
66 0.926386
66 0.927342
66 0.928298
66 0.929254
66 0.93021
66 0.931166
66 0.932122
66 0.933078
66 0.934034
66 0.93499
66 0.935946
66 0.936902
66 0.937859
66 0.938815
66 0.939771
66 0.940727
66 0.941683
66 0.942639
66 0.943595
66 0.944551
66 0.945507
66 0.946463
66 0.947419
66 0.948375
66 0.949331
66 0.950287
66 0.951243
66 0.952199
66 0.953155
66 0.954111
66 0.955067
66 0.956023
66 0.956979
66 0.957935
66 0.958891
66 0.959847
66 0.960803
66 0.961759
66 0.962715
66 0.963671
66 0.964627
66 0.965583
66 0.966539
66 0.967495
66 0.968451
66 0.969407
66 0.970363
66 0.971319
66 0.972275
66 0.973231
66 0.974187
66 0.975143
66 0.976099
66 0.977055
66 0.978011
66 0.978967
66 0.979924
66 0.98088
66 0.981836
66 0.982792
66 0.983748
66 0.984704
66 0.98566
66 0.986616
66 0.987572
66 0.988528
66 0.989484
66 0.99044
66 0.991396
66 0.992352
66 0.993308
66 0.994264
66 0.99522
66 0.996176
74 0.997132
385 0.998088
393 0.999044
393 1
