66 0.000531067
74 0.00106213
298 0.0015932
335 0.00212427
346 0.00265534
346 0.0031864
346 0.00371747
346 0.00424854
346 0.00477961
346 0.00531067
346 0.00584174
346 0.00637281
346 0.00690388
346 0.00743494
346 0.00796601
346 0.00849708
346 0.00902815
346 0.00955921
346 0.0100903
346 0.0106213
346 0.0111524
434 0.0116835
930 0.0122146
930 0.0127456
930 0.0132767
930 0.0138078
930 0.0143388
930 0.0148699
930 0.015401
930 0.015932
930 0.0164631
930 0.0169942
930 0.0175252
930 0.0180563
930 0.0185874
930 0.0191184
930 0.0196495
930 0.0201806
930 0.0207116
930 0.0212427
930 0.0217738
930 0.0223048
930 0.0228359
930 0.023367
930 0.023898
930 0.0244291
930 0.0249602
930 0.0254912
930 0.0260223
930 0.0265534
930 0.0270844
930 0.0276155
930 0.0281466
930 0.0286776
930 0.0292087
930 0.0297398
930 0.0302708
930 0.0308019
930 0.031333
930 0.031864
930 0.0323951
930 0.0329262
930 0.0334572
930 0.0339883
930 0.0345194
930 0.0350505
930 0.0355815
930 0.0361126
930 0.0366437
930 0.0371747
930 0.0377058
930 0.0382369
930 0.0387679
930 0.039299
930 0.0398301
930 0.0403611
930 0.0408922
930 0.0414233
930 0.0419543
930 0.0424854
930 0.0430165
930 0.0435475
930 0.0440786
930 0.0446097
930 0.0451407
930 0.0456718
930 0.0462029
930 0.0467339
930 0.047265
930 0.0477961
930 0.0483271
930 0.0488582
930 0.0493893
930 0.0499203
930 0.0504514
930 0.0509825
930 0.0515135
930 0.0520446
930 0.0525757
930 0.0531067
930 0.0536378
930 0.0541689
930 0.0546999
930 0.055231
930 0.0557621
930 0.0562931
930 0.0568242
930 0.0573553
930 0.0578864
930 0.0584174
930 0.0589485
930 0.0594796
930 0.0600106
930 0.0605417
930 0.0610728
930 0.0616038
930 0.0621349
930 0.062666
930 0.063197
930 0.0637281
930 0.0642592
930 0.0647902
930 0.0653213
930 0.0658524
930 0.0663834
930 0.0669145
930 0.0674456
930 0.0679766
930 0.0685077
930 0.0690388
930 0.0695698
930 0.0701009
930 0.070632
930 0.071163
930 0.0716941
930 0.0722252
930 0.0727562
930 0.0732873
930 0.0738184
930 0.0743494
930 0.0748805
930 0.0754116
930 0.0759426
930 0.0764737
930 0.0770048
930 0.0775358
930 0.0780669
930 0.078598
930 0.079129
930 0.0796601
930 0.0801912
930 0.0807223
930 0.0812533
930 0.0817844
930 0.0823155
930 0.0828465
930 0.0833776
930 0.0839087
930 0.0844397
930 0.0849708
930 0.0855019
930 0.0860329
930 0.086564
930 0.0870951
930 0.0876261
930 0.0881572
930 0.0886883
930 0.0892193
930 0.0897504
930 0.0902815
930 0.0908125
930 0.0913436
930 0.0918747
930 0.0924057
930 0.0929368
930 0.0934679
930 0.0939989
955 0.09453
1062 0.0950611
1210 0.0955921
1210 0.0961232
1210 0.0966543
1210 0.0971853
1210 0.0977164
1210 0.0982475
1210 0.0987785
1273 0.0993096
1273 0.0998407
1274 0.100372
1514 0.100903
1514 0.101434
1514 0.101965
1514 0.102496
1514 0.103027
1514 0.103558
1514 0.104089
1514 0.10462
1514 0.105151
1514 0.105682
1514 0.106213
1514 0.106745
1514 0.107276
1514 0.107807
1514 0.108338
1514 0.108869
1514 0.1094
1514 0.109931
1514 0.110462
1514 0.110993
1514 0.111524
1514 0.112055
1514 0.112586
1514 0.113117
1514 0.113648
1514 0.11418
1514 0.114711
1514 0.115242
1514 0.115773
1514 0.116304
1514 0.116835
1514 0.117366
1514 0.117897
1514 0.118428
1514 0.118959
1514 0.11949
1514 0.120021
1514 0.120552
1514 0.121083
1514 0.121614
1514 0.122146
1514 0.122677
1514 0.123208
1514 0.123739
1514 0.12427
1514 0.124801
1514 0.125332
1514 0.125863
1514 0.126394
1514 0.126925
1514 0.127456
1514 0.127987
1514 0.128518
1514 0.129049
1514 0.12958
1514 0.130112
1514 0.130643
1514 0.131174
1514 0.131705
1514 0.132236
1514 0.132767
1514 0.133298
1514 0.133829
1514 0.13436
1514 0.134891
1514 0.135422
1514 0.135953
1514 0.136484
1514 0.137015
1514 0.137546
1514 0.138078
1514 0.138609
1514 0.13914
1514 0.139671
1514 0.140202
1514 0.140733
1514 0.141264
1514 0.141795
1514 0.142326
1514 0.142857
1514 0.143388
1514 0.143919
1514 0.14445
1514 0.144981
1514 0.145512
1514 0.146044
1514 0.146575
1514 0.147106
1514 0.147637
1514 0.148168
1514 0.148699
1514 0.14923
1514 0.149761
1514 0.150292
1514 0.150823
1514 0.151354
1514 0.151885
1514 0.152416
1514 0.152947
1514 0.153478
1514 0.15401
1514 0.154541
1514 0.155072
1514 0.155603
1514 0.156134
1514 0.156665
1514 0.157196
1514 0.157727
1514 0.158258
1514 0.158789
1514 0.15932
1514 0.159851
1514 0.160382
1514 0.160913
1514 0.161445
1514 0.161976
1514 0.162507
1514 0.163038
1514 0.163569
1514 0.1641
1514 0.164631
1514 0.165162
1514 0.165693
1514 0.166224
1514 0.166755
1514 0.167286
1514 0.167817
1514 0.168348
1514 0.168879
1514 0.169411
1514 0.169942
1514 0.170473
1514 0.171004
1514 0.171535
1514 0.172066
1514 0.172597
1514 0.173128
1514 0.173659
1514 0.17419
1514 0.174721
1514 0.175252
1514 0.175783
1514 0.176314
1514 0.176845
1514 0.177377
1514 0.177908
1514 0.178439
1514 0.17897
1514 0.179501
1514 0.180032
1514 0.180563
1514 0.181094
1514 0.181625
1514 0.182156
1514 0.182687
1514 0.183218
1514 0.183749
1514 0.18428
1514 0.184811
1514 0.185343
1514 0.185874
1514 0.186405
1514 0.186936
1514 0.187467
1514 0.187998
1514 0.188529
1514 0.18906
1514 0.189591
1514 0.190122
1514 0.190653
1514 0.191184
1514 0.191715
1514 0.192246
1514 0.192777
1514 0.193309
1514 0.19384
1514 0.194371
1514 0.194902
1514 0.195433
1514 0.195964
1514 0.196495
1514 0.197026
1514 0.197557
1514 0.198088
1514 0.198619
1514 0.19915
1514 0.199681
1514 0.200212
1514 0.200743
1514 0.201275
1514 0.201806
1514 0.202337
1514 0.202868
1514 0.203399
1514 0.20393
1514 0.204461
1514 0.204992
1514 0.205523
1514 0.206054
1514 0.206585
1514 0.207116
1514 0.207647
1514 0.208178
1514 0.20871
1514 0.209241
1514 0.209772
1514 0.210303
1514 0.210834
1514 0.211365
1514 0.211896
1514 0.212427
1514 0.212958
1514 0.213489
1514 0.21402
1514 0.214551
1514 0.215082
1514 0.215613
1514 0.216144
1514 0.216676
1514 0.217207
1514 0.217738
1514 0.218269
1514 0.2188
1514 0.219331
1514 0.219862
1514 0.220393
1514 0.220924
1514 0.221455
1514 0.221986
1514 0.222517
1514 0.223048
1514 0.223579
1514 0.22411
1514 0.224642
1514 0.225173
1514 0.225704
1514 0.226235
1514 0.226766
1514 0.227297
1514 0.227828
1514 0.228359
1514 0.22889
1514 0.229421
1514 0.229952
1514 0.230483
1514 0.231014
1514 0.231545
1514 0.232076
1514 0.232608
1514 0.233139
1514 0.23367
1514 0.234201
1514 0.234732
1514 0.235263
1514 0.235794
1514 0.236325
1514 0.236856
1514 0.237387
1514 0.237918
1514 0.238449
1514 0.23898
1514 0.239511
1514 0.240042
1514 0.240574
1514 0.241105
1514 0.241636
1514 0.242167
1514 0.242698
1514 0.243229
1514 0.24376
1514 0.244291
1514 0.244822
1514 0.245353
1514 0.245884
1514 0.246415
1514 0.246946
1514 0.247477
1514 0.248008
1514 0.24854
1514 0.249071
1514 0.249602
1514 0.250133
1514 0.250664
1514 0.251195
1514 0.251726
1514 0.252257
1514 0.252788
1514 0.253319
1514 0.25385
1514 0.254381
1514 0.254912
1514 0.255443
1514 0.255975
1514 0.256506
1514 0.257037
1514 0.257568
1514 0.258099
1514 0.25863
1514 0.259161
1514 0.259692
1514 0.260223
1514 0.260754
1514 0.261285
1514 0.261816
1514 0.262347
1514 0.262878
1514 0.263409
1514 0.263941
1514 0.264472
1514 0.265003
1514 0.265534
1514 0.266065
1514 0.266596
1514 0.267127
1514 0.267658
1514 0.268189
1514 0.26872
1514 0.269251
1514 0.269782
1514 0.270313
1514 0.270844
1514 0.271375
1514 0.271907
1514 0.272438
1514 0.272969
1514 0.2735
1514 0.274031
1514 0.274562
1514 0.275093
1514 0.275624
1514 0.276155
1514 0.276686
1514 0.277217
1514 0.277748
1514 0.278279
1514 0.27881
1514 0.279341
1514 0.279873
1514 0.280404
1514 0.280935
1514 0.281466
1514 0.281997
1514 0.282528
1514 0.283059
1514 0.28359
1514 0.284121
1514 0.284652
1514 0.285183
1514 0.285714
1514 0.286245
1514 0.286776
1514 0.287307
1514 0.287839
1514 0.28837
1514 0.288901
1514 0.289432
1514 0.289963
1514 0.290494
1514 0.291025
1514 0.291556
1514 0.292087
1514 0.292618
1514 0.293149
1514 0.29368
1514 0.294211
1514 0.294742
1514 0.295273
1514 0.295805
1514 0.296336
1514 0.296867
1514 0.297398
1514 0.297929
1514 0.29846
1514 0.298991
1514 0.299522
1514 0.300053
1514 0.300584
1514 0.301115
1514 0.301646
1514 0.302177
1514 0.302708
1514 0.30324
1514 0.303771
1514 0.304302
1514 0.304833
1514 0.305364
1514 0.305895
1514 0.306426
1514 0.306957
1514 0.307488
1514 0.308019
1514 0.30855
1514 0.309081
1514 0.309612
1514 0.310143
1514 0.310674
1514 0.311206
1514 0.311737
1514 0.312268
1514 0.312799
1514 0.31333
1514 0.313861
1514 0.314392
1514 0.314923
1514 0.315454
1514 0.315985
1514 0.316516
1514 0.317047
1514 0.317578
1514 0.318109
1514 0.31864
1514 0.319172
1514 0.319703
1514 0.320234
1514 0.320765
1514 0.321296
1514 0.321827
1514 0.322358
1514 0.322889
1514 0.32342
1514 0.323951
1514 0.324482
1514 0.325013
1514 0.325544
1514 0.326075
1514 0.326606
1514 0.327138
1514 0.327669
1514 0.3282
1514 0.328731
1514 0.329262
1514 0.329793
1514 0.330324
1514 0.330855
1514 0.331386
1514 0.331917
1514 0.332448
1514 0.332979
1514 0.33351
1514 0.334041
1514 0.334572
1514 0.335104
1514 0.335635
1514 0.336166
1514 0.336697
1514 0.337228
1514 0.337759
1514 0.33829
1514 0.338821
1514 0.339352
1514 0.339883
1514 0.340414
1514 0.340945
1514 0.341476
1514 0.342007
1514 0.342539
1514 0.34307
1514 0.343601
1514 0.344132
1514 0.344663
1514 0.345194
1514 0.345725
1514 0.346256
1514 0.346787
1514 0.347318
1514 0.347849
1514 0.34838
1514 0.348911
1514 0.349442
1514 0.349973
1514 0.350505
1514 0.351036
1514 0.351567
1514 0.352098
1514 0.352629
1514 0.35316
1514 0.353691
1514 0.354222
1514 0.354753
1514 0.355284
1514 0.355815
1514 0.356346
1514 0.356877
1514 0.357408
1514 0.357939
1514 0.358471
1514 0.359002
1514 0.359533
1514 0.360064
1514 0.360595
1514 0.361126
1514 0.361657
1514 0.362188
1514 0.362719
1514 0.36325
1514 0.363781
1514 0.364312
1514 0.364843
1514 0.365374
1514 0.365905
1514 0.366437
1514 0.366968
1514 0.367499
1514 0.36803
1514 0.368561
1514 0.369092
1514 0.369623
1514 0.370154
1514 0.370685
1514 0.371216
1514 0.371747
1514 0.372278
1514 0.372809
1514 0.37334
1514 0.373871
1514 0.374403
1514 0.374934
1514 0.375465
1514 0.375996
1514 0.376527
1514 0.377058
1514 0.377589
1514 0.37812
1514 0.378651
1514 0.379182
1514 0.379713
1514 0.380244
1514 0.380775
1514 0.381306
1514 0.381837
1514 0.382369
1514 0.3829
1514 0.383431
1514 0.383962
1514 0.384493
1514 0.385024
1514 0.385555
1514 0.386086
1514 0.386617
1514 0.387148
1514 0.387679
1514 0.38821
1514 0.388741
1514 0.389272
1514 0.389804
1514 0.390335
1514 0.390866
1514 0.391397
1514 0.391928
1514 0.392459
1514 0.39299
1514 0.393521
1514 0.394052
1514 0.394583
1514 0.395114
1514 0.395645
1514 0.396176
1514 0.396707
1514 0.397238
1514 0.39777
1514 0.398301
1514 0.398832
1514 0.399363
1514 0.399894
1514 0.400425
1514 0.400956
1514 0.401487
1514 0.402018
1514 0.402549
1514 0.40308
1514 0.403611
1514 0.404142
1514 0.404673
1514 0.405204
1514 0.405736
1514 0.406267
1514 0.406798
1514 0.407329
1514 0.40786
1514 0.408391
1514 0.408922
1514 0.409453
1514 0.409984
1514 0.410515
1514 0.411046
1514 0.411577
1514 0.412108
1514 0.412639
1514 0.41317
1514 0.413702
1514 0.414233
1514 0.414764
1514 0.415295
1514 0.415826
1514 0.416357
1514 0.416888
1514 0.417419
1514 0.41795
1514 0.418481
1514 0.419012
1514 0.419543
1514 0.420074
1514 0.420605
1514 0.421136
1514 0.421668
1514 0.422199
1514 0.42273
1514 0.423261
1514 0.423792
1514 0.424323
1514 0.424854
1514 0.425385
1514 0.425916
1514 0.426447
1514 0.426978
1514 0.427509
1514 0.42804
1514 0.428571
1514 0.429102
1514 0.429634
1514 0.430165
1514 0.430696
1514 0.431227
1514 0.431758
1514 0.432289
1514 0.43282
1514 0.433351
1514 0.433882
1514 0.434413
1514 0.434944
1514 0.435475
1514 0.436006
1514 0.436537
1514 0.437069
1514 0.4376
1514 0.438131
1514 0.438662
1514 0.439193
1514 0.439724
1514 0.440255
1514 0.440786
1514 0.441317
1514 0.441848
1514 0.442379
1514 0.44291
1514 0.443441
1514 0.443972
1514 0.444503
1514 0.445035
1514 0.445566
1514 0.446097
1514 0.446628
1514 0.447159
1514 0.44769
1514 0.448221
1514 0.448752
1514 0.449283
1514 0.449814
1514 0.450345
1514 0.450876
1514 0.451407
1514 0.451938
1514 0.452469
1514 0.453001
1514 0.453532
1514 0.454063
1514 0.454594
1514 0.455125
1514 0.455656
1514 0.456187
1514 0.456718
1514 0.457249
1514 0.45778
1514 0.458311
1514 0.458842
1514 0.459373
1514 0.459904
1514 0.460435
1514 0.460967
1514 0.461498
1514 0.462029
1514 0.46256
1514 0.463091
1514 0.463622
1514 0.464153
1514 0.464684
1514 0.465215
1514 0.465746
1514 0.466277
1514 0.466808
1514 0.467339
1514 0.46787
1514 0.468401
1514 0.468933
1514 0.469464
1514 0.469995
1514 0.470526
1514 0.471057
1514 0.471588
1514 0.472119
1514 0.47265
1514 0.473181
1514 0.473712
1514 0.474243
1514 0.474774
1514 0.475305
1514 0.475836
1514 0.476367
1514 0.476899
1514 0.47743
1514 0.477961
1514 0.478492
1514 0.479023
1514 0.479554
1514 0.480085
1514 0.480616
1514 0.481147
1514 0.481678
1514 0.482209
1514 0.48274
1514 0.483271
1514 0.483802
1514 0.484334
1514 0.484865
1514 0.485396
1514 0.485927
1514 0.486458
1514 0.486989
1514 0.48752
1514 0.488051
1514 0.488582
1514 0.489113
1514 0.489644
1514 0.490175
1514 0.490706
1514 0.491237
1514 0.491768
1514 0.4923
1514 0.492831
1514 0.493362
1514 0.493893
1514 0.494424
1514 0.494955
1514 0.495486
1514 0.496017
1514 0.496548
1514 0.497079
1514 0.49761
1514 0.498141
1514 0.498672
1514 0.499203
1514 0.499734
1514 0.500266
1514 0.500797
1514 0.501328
1514 0.501859
1514 0.50239
1514 0.502921
1514 0.503452
1514 0.503983
1514 0.504514
1514 0.505045
1514 0.505576
1514 0.506107
1514 0.506638
1514 0.507169
1514 0.5077
1514 0.508232
1514 0.508763
1514 0.509294
1514 0.509825
1514 0.510356
1514 0.510887
1514 0.511418
1514 0.511949
1514 0.51248
1514 0.513011
1514 0.513542
1514 0.514073
1514 0.514604
1514 0.515135
1514 0.515666
1514 0.516198
1514 0.516729
1514 0.51726
1514 0.517791
1514 0.518322
1514 0.518853
1514 0.519384
1514 0.519915
1514 0.520446
1514 0.520977
1514 0.521508
1514 0.522039
1514 0.52257
1514 0.523101
1514 0.523633
1514 0.524164
1514 0.524695
1514 0.525226
1514 0.525757
1514 0.526288
1514 0.526819
1514 0.52735
1514 0.527881
1514 0.528412
1514 0.528943
1514 0.529474
1514 0.530005
1514 0.530536
1514 0.531067
1514 0.531599
1514 0.53213
1514 0.532661
1514 0.533192
1514 0.533723
1514 0.534254
1514 0.534785
1514 0.535316
1514 0.535847
1514 0.536378
1514 0.536909
1514 0.53744
1514 0.537971
1514 0.538502
1514 0.539033
1514 0.539565
1514 0.540096
1514 0.540627
1514 0.541158
1514 0.541689
1514 0.54222
1514 0.542751
1514 0.543282
1514 0.543813
1514 0.544344
1514 0.544875
1514 0.545406
1514 0.545937
1514 0.546468
1514 0.546999
1514 0.547531
1514 0.548062
1514 0.548593
1514 0.549124
1514 0.549655
1514 0.550186
1514 0.550717
1514 0.551248
1514 0.551779
1514 0.55231
1514 0.552841
1514 0.553372
1514 0.553903
1514 0.554434
1514 0.554965
1514 0.555497
1514 0.556028
1514 0.556559
1514 0.55709
1514 0.557621
1514 0.558152
1514 0.558683
1514 0.559214
1514 0.559745
1514 0.560276
1514 0.560807
1514 0.561338
1514 0.561869
1514 0.5624
1514 0.562931
1514 0.563463
1514 0.563994
1514 0.564525
1514 0.565056
1514 0.565587
1514 0.566118
1514 0.566649
1514 0.56718
1514 0.567711
1514 0.568242
1514 0.568773
1514 0.569304
1514 0.569835
1514 0.570366
1514 0.570898
1514 0.571429
1514 0.57196
1514 0.572491
1514 0.573022
1514 0.573553
1514 0.574084
1514 0.574615
1514 0.575146
1514 0.575677
1514 0.576208
1514 0.576739
1514 0.57727
1514 0.577801
1514 0.578332
1514 0.578864
1514 0.579395
1514 0.579926
1514 0.580457
1514 0.580988
1514 0.581519
1514 0.58205
1514 0.582581
1514 0.583112
1514 0.583643
1514 0.584174
1514 0.584705
1514 0.585236
1514 0.585767
1514 0.586298
1514 0.58683
1514 0.587361
1514 0.587892
1514 0.588423
1514 0.588954
1514 0.589485
1514 0.590016
1514 0.590547
1514 0.591078
1514 0.591609
1514 0.59214
1514 0.592671
1514 0.593202
1514 0.593733
1514 0.594264
1514 0.594796
1514 0.595327
1514 0.595858
1514 0.596389
1514 0.59692
1514 0.597451
1514 0.597982
1514 0.598513
1514 0.599044
1514 0.599575
1514 0.600106
1514 0.600637
1514 0.601168
1514 0.601699
1514 0.60223
1514 0.602762
1514 0.603293
1514 0.603824
1514 0.604355
1514 0.604886
1514 0.605417
1514 0.605948
1514 0.606479
1514 0.60701
1514 0.607541
1514 0.608072
1514 0.608603
1514 0.609134
1514 0.609665
1514 0.610196
1514 0.610728
1514 0.611259
1514 0.61179
1514 0.612321
1514 0.612852
1514 0.613383
1514 0.613914
1514 0.614445
1514 0.614976
1514 0.615507
1514 0.616038
1514 0.616569
1514 0.6171
1514 0.617631
1514 0.618163
1514 0.618694
1514 0.619225
1514 0.619756
1514 0.620287
1514 0.620818
1514 0.621349
1514 0.62188
1514 0.622411
1514 0.622942
1514 0.623473
1514 0.624004
1514 0.624535
1514 0.625066
1514 0.625597
1514 0.626129
1514 0.62666
1514 0.627191
1514 0.627722
1514 0.628253
1514 0.628784
1514 0.629315
1514 0.629846
1514 0.630377
1514 0.630908
1514 0.631439
1514 0.63197
1514 0.632501
1514 0.633032
1514 0.633563
1514 0.634095
1514 0.634626
1514 0.635157
1514 0.635688
1514 0.636219
1514 0.63675
1514 0.637281
1514 0.637812
1514 0.638343
1514 0.638874
1514 0.639405
1514 0.639936
1514 0.640467
1514 0.640998
1514 0.641529
1514 0.642061
1514 0.642592
1514 0.643123
1514 0.643654
1514 0.644185
1514 0.644716
1514 0.645247
1514 0.645778
1514 0.646309
1514 0.64684
1514 0.647371
1514 0.647902
1514 0.648433
1514 0.648964
1514 0.649495
1514 0.650027
1514 0.650558
1514 0.651089
1514 0.65162
1514 0.652151
1514 0.652682
1514 0.653213
1514 0.653744
1514 0.654275
1514 0.654806
1514 0.655337
1514 0.655868
1514 0.656399
1514 0.65693
1514 0.657461
1514 0.657993
1514 0.658524
1514 0.659055
1514 0.659586
1514 0.660117
1514 0.660648
1514 0.661179
1514 0.66171
1514 0.662241
1514 0.662772
1514 0.663303
1514 0.663834
1514 0.664365
1514 0.664896
1514 0.665428
1514 0.665959
1514 0.66649
1514 0.667021
1514 0.667552
1514 0.668083
1514 0.668614
1514 0.669145
1514 0.669676
1514 0.670207
1514 0.670738
1514 0.671269
1514 0.6718
1514 0.672331
1514 0.672862
1514 0.673394
1514 0.673925
1514 0.674456
1514 0.674987
1514 0.675518
1514 0.676049
1514 0.67658
1514 0.677111
1514 0.677642
1514 0.678173
1514 0.678704
1514 0.679235
1514 0.679766
1514 0.680297
1514 0.680828
1514 0.68136
1514 0.681891
1514 0.682422
1514 0.682953
1514 0.683484
1514 0.684015
1514 0.684546
1514 0.685077
1514 0.685608
1514 0.686139
1514 0.68667
1514 0.687201
1514 0.687732
1514 0.688263
1514 0.688794
1514 0.689326
1514 0.689857
1514 0.690388
1514 0.690919
1514 0.69145
1514 0.691981
1514 0.692512
1514 0.693043
1514 0.693574
1514 0.694105
1514 0.694636
1514 0.695167
1514 0.695698
1514 0.696229
1514 0.69676
1514 0.697292
1514 0.697823
1514 0.698354
1514 0.698885
1514 0.699416
1514 0.699947
1514 0.700478
1514 0.701009
1514 0.70154
1514 0.702071
1514 0.702602
1514 0.703133
1514 0.703664
1514 0.704195
1514 0.704727
1514 0.705258
1514 0.705789
1514 0.70632
1514 0.706851
1514 0.707382
1514 0.707913
1514 0.708444
1514 0.708975
1514 0.709506
1514 0.710037
1514 0.710568
1514 0.711099
1514 0.71163
1514 0.712161
1514 0.712693
1514 0.713224
1514 0.713755
1514 0.714286
1514 0.714817
1514 0.715348
1514 0.715879
1514 0.71641
1514 0.716941
1514 0.717472
1514 0.718003
1514 0.718534
1514 0.719065
1514 0.719596
1514 0.720127
1514 0.720659
1514 0.72119
1514 0.721721
1514 0.722252
1514 0.722783
1514 0.723314
1514 0.723845
1514 0.724376
1514 0.724907
1514 0.725438
1514 0.725969
1514 0.7265
1514 0.727031
1514 0.727562
1514 0.728093
1514 0.728625
1514 0.729156
1514 0.729687
1514 0.730218
1514 0.730749
1514 0.73128
1514 0.731811
1514 0.732342
1514 0.732873
1514 0.733404
1514 0.733935
1514 0.734466
1514 0.734997
1514 0.735528
1514 0.736059
1514 0.736591
1514 0.737122
1514 0.737653
1514 0.738184
1514 0.738715
1514 0.739246
1514 0.739777
1514 0.740308
1514 0.740839
1514 0.74137
1514 0.741901
1514 0.742432
1514 0.742963
1514 0.743494
1514 0.744025
1514 0.744557
1514 0.745088
1514 0.745619
1514 0.74615
1514 0.746681
1514 0.747212
1514 0.747743
1514 0.748274
1514 0.748805
1514 0.749336
1514 0.749867
1514 0.750398
1514 0.750929
1514 0.75146
1514 0.751992
1514 0.752523
1514 0.753054
1514 0.753585
1514 0.754116
1514 0.754647
1514 0.755178
1514 0.755709
1514 0.75624
1514 0.756771
1514 0.757302
1514 0.757833
1514 0.758364
1514 0.758895
1514 0.759426
1514 0.759958
1514 0.760489
1514 0.76102
1514 0.761551
1514 0.762082
1514 0.762613
1514 0.763144
1514 0.763675
1514 0.764206
1514 0.764737
1514 0.765268
1514 0.765799
1514 0.76633
1514 0.766861
1514 0.767392
1514 0.767924
1514 0.768455
1514 0.768986
1514 0.769517
1514 0.770048
1514 0.770579
1514 0.77111
1514 0.771641
1514 0.772172
1514 0.772703
1514 0.773234
1514 0.773765
1514 0.774296
1514 0.774827
1514 0.775358
1514 0.77589
1514 0.776421
1514 0.776952
1514 0.777483
1514 0.778014
1514 0.778545
1514 0.779076
1514 0.779607
1514 0.780138
1514 0.780669
1514 0.7812
1514 0.781731
1514 0.782262
1514 0.782793
1514 0.783324
1514 0.783856
1514 0.784387
1514 0.784918
1514 0.785449
1514 0.78598
1514 0.786511
1514 0.787042
1514 0.787573
1514 0.788104
1514 0.788635
1514 0.789166
1514 0.789697
1514 0.790228
1514 0.790759
1514 0.79129
1514 0.791822
1514 0.792353
1514 0.792884
1514 0.793415
1514 0.793946
1514 0.794477
1514 0.795008
1514 0.795539
1514 0.79607
1514 0.796601
1514 0.797132
1514 0.797663
1514 0.798194
1514 0.798725
1514 0.799257
1514 0.799788
1514 0.800319
1514 0.80085
1514 0.801381
1514 0.801912
1514 0.802443
1514 0.802974
1514 0.803505
1514 0.804036
1514 0.804567
1514 0.805098
1514 0.805629
1514 0.80616
1514 0.806691
1514 0.807223
1514 0.807754
1514 0.808285
1514 0.808816
1514 0.809347
1514 0.809878
1514 0.810409
1514 0.81094
1514 0.811471
1514 0.812002
1514 0.812533
1514 0.813064
1514 0.813595
1514 0.814126
1514 0.814657
1514 0.815189
1514 0.81572
1514 0.816251
1514 0.816782
1514 0.817313
1514 0.817844
1514 0.818375
1514 0.818906
1514 0.819437
1514 0.819968
1514 0.820499
1514 0.82103
1514 0.821561
1514 0.822092
1514 0.822623
1514 0.823155
1514 0.823686
1514 0.824217
1514 0.824748
1514 0.825279
1514 0.82581
1514 0.826341
1514 0.826872
1514 0.827403
1514 0.827934
1514 0.828465
1514 0.828996
1514 0.829527
1514 0.830058
1514 0.830589
1514 0.831121
1514 0.831652
1514 0.832183
1514 0.832714
1514 0.833245
1514 0.833776
1514 0.834307
1514 0.834838
1514 0.835369
1514 0.8359
1514 0.836431
1514 0.836962
1514 0.837493
1514 0.838024
1514 0.838555
1514 0.839087
1514 0.839618
1514 0.840149
1514 0.84068
1514 0.841211
1514 0.841742
1514 0.842273
1514 0.842804
1514 0.843335
1514 0.843866
1514 0.844397
1514 0.844928
1514 0.845459
1514 0.84599
1514 0.846522
1514 0.847053
1514 0.847584
1514 0.848115
1514 0.848646
1514 0.849177
1514 0.849708
1514 0.850239
1514 0.85077
1514 0.851301
1514 0.851832
1514 0.852363
1514 0.852894
1514 0.853425
1514 0.853956
1514 0.854488
1514 0.855019
1514 0.85555
1514 0.856081
1514 0.856612
1514 0.857143
1514 0.857674
1514 0.858205
1514 0.858736
1514 0.859267
1514 0.859798
1514 0.860329
1514 0.86086
1514 0.861391
1514 0.861922
1514 0.862454
1514 0.862985
1514 0.863516
1514 0.864047
1514 0.864578
1514 0.865109
1514 0.86564
1514 0.866171
1514 0.866702
1514 0.867233
1514 0.867764
1514 0.868295
1514 0.868826
1514 0.869357
1514 0.869888
1514 0.87042
1514 0.870951
1514 0.871482
1514 0.872013
1514 0.872544
1514 0.873075
1514 0.873606
1514 0.874137
1514 0.874668
1514 0.875199
1514 0.87573
1514 0.876261
1514 0.876792
1514 0.877323
1514 0.877854
1514 0.878386
1514 0.878917
1514 0.879448
1514 0.879979
1514 0.88051
1514 0.881041
1514 0.881572
1514 0.882103
1514 0.882634
1514 0.883165
1514 0.883696
1514 0.884227
1514 0.884758
1514 0.885289
1514 0.88582
1514 0.886352
1514 0.886883
1514 0.887414
1514 0.887945
1514 0.888476
1514 0.889007
1514 0.889538
1514 0.890069
1514 0.8906
1514 0.891131
1514 0.891662
1514 0.892193
1514 0.892724
1514 0.893255
1514 0.893787
1514 0.894318
1514 0.894849
1514 0.89538
1514 0.895911
1514 0.896442
1514 0.896973
1514 0.897504
1514 0.898035
1514 0.898566
1514 0.899097
1514 0.899628
1514 0.900159
1514 0.90069
1514 0.901221
1514 0.901753
1514 0.902284
1514 0.902815
1514 0.903346
1514 0.903877
1514 0.904408
1514 0.904939
1514 0.90547
1514 0.906001
1514 0.906532
1514 0.907063
1514 0.907594
1514 0.908125
1514 0.908656
1514 0.909187
1514 0.909719
1514 0.91025
1514 0.910781
1514 0.911312
1514 0.911843
1514 0.912374
1514 0.912905
1514 0.913436
1514 0.913967
1514 0.914498
1514 0.915029
1514 0.91556
1514 0.916091
1514 0.916622
1514 0.917153
1514 0.917685
1514 0.918216
1514 0.918747
1514 0.919278
1514 0.919809
1514 0.92034
1514 0.920871
1514 0.921402
1514 0.921933
1514 0.922464
1514 0.922995
1514 0.923526
1514 0.924057
1514 0.924588
1514 0.925119
1514 0.925651
1514 0.926182
1514 0.926713
1514 0.927244
1514 0.927775
1514 0.928306
1514 0.928837
1514 0.929368
1514 0.929899
1514 0.93043
1514 0.930961
1514 0.931492
1514 0.932023
1514 0.932554
1514 0.933086
1514 0.933617
1514 0.934148
1514 0.934679
1514 0.93521
1514 0.935741
1514 0.936272
1514 0.936803
1514 0.937334
1514 0.937865
1514 0.938396
1514 0.938927
1514 0.939458
1514 0.939989
1514 0.94052
1514 0.941052
1514 0.941583
1514 0.942114
1514 0.942645
1514 0.943176
1514 0.943707
1514 0.944238
1514 0.944769
1514 0.9453
1514 0.945831
1514 0.946362
1514 0.946893
1514 0.947424
1514 0.947955
1514 0.948486
1514 0.949018
1514 0.949549
1514 0.95008
1514 0.950611
1514 0.951142
1514 0.951673
1514 0.952204
1514 0.952735
1514 0.953266
1514 0.953797
1514 0.954328
1514 0.954859
1514 0.95539
1514 0.955921
1514 0.956452
1514 0.956984
1514 0.957515
1514 0.958046
1514 0.958577
1514 0.959108
1514 0.959639
1514 0.96017
1514 0.960701
1514 0.961232
1514 0.961763
1514 0.962294
1514 0.962825
1514 0.963356
1514 0.963887
1514 0.964418
1514 0.96495
1514 0.965481
1514 0.966012
1514 0.966543
1514 0.967074
1514 0.967605
1514 0.968136
1514 0.968667
1514 0.969198
1514 0.969729
1514 0.97026
1514 0.970791
1514 0.971322
1514 0.971853
1514 0.972384
1514 0.972916
1514 0.973447
1514 0.973978
1514 0.974509
1514 0.97504
1514 0.975571
1514 0.976102
1514 0.976633
1514 0.977164
1514 0.977695
1514 0.978226
1514 0.978757
1514 0.979288
1514 0.979819
1514 0.980351
1514 0.980882
1514 0.981413
1514 0.981944
1514 0.982475
1514 0.983006
1514 0.983537
1514 0.984068
1514 0.984599
1514 0.98513
1514 0.985661
1514 0.986192
1514 0.986723
1514 0.987254
1514 0.987785
1514 0.988317
1514 0.988848
1514 0.989379
1514 0.98991
1514 0.990441
1514 0.990972
1514 0.991503
1514 0.992034
1514 0.992565
1514 0.993096
1514 0.993627
1514 0.994158
1514 0.994689
1514 0.99522
1514 0.995751
1514 0.996283
1514 0.996814
1514 0.997345
1514 0.997876
1514 0.998407
1514 0.998938
1514 0.999469
1514 1
